4446630
9174704
9345891
2445568
9230113
5826485
8616818
2511295
3275725
5370542
7114932
1583472
8957949
8361452
23923
7680824
6882549
7796457
633469
6964433
808995
1305997
1871584
2801042
2023683
7520974
7638593
5698130
5086252
1649185
1328982
501344
9859358
2231810
1767279
9780495
8855348
5122739
3935203
4177823
3303489
9861672
6308621
7849302
1825702
1614483
779052
1839070
4538588
5458799
5325459
3322039
6754984
2324941
4206146
1693944
9266174
3658190
9008797
2512053
9389623
5851785
6084072
9797640
8688628
3211393
2282957
6585776
3758867
9436106
8280178
5192728
8436350
7124774
2460781
7239114
303768
3323817
6940926
3185316
2623112
7854331
5164115
2885897
8047978
8681630
4968928
9049042
8010539
5849945
9574104
2241578
714680
784120
5812028
6055990
9298191
5451208
5876615
277989
6262154
6920016
9839667
2716016
1386270
3287118
1190978
3918576
717546
730825
3559258
1219384
6896819
2541472
5144644
762182
2976120
5459209
8975539
1691843
6065619
3342652
5848008
5059175
5039765
2457350
9175735
7831017
2152679
132674
7890391
6120288
6448655
1735167
3890439
7860785
2899106
9513251
9219646
1129542
8520168
4772298
8738870
8899728
1324506
9333342
4168597
7654799
1420433
4166051
7959255
5873981
5504055
9804181
5238606
3288292
7237652
2935103
5125559
4163070
3263026
5715343
7477843
8832213
2384258
5778673
6779606
1574600
458832
3999714
6086864
9703809
2023600
290275
1711898
7666489
2450020
128747
4059059
5372395
5119057
4103249
212277
8412166
241712
8110381
4957319
7111931
7789054
7630037
8718425
3299848
3460438
8101287
4318781
1595191
7146915
3421694
6629855
8925019
7596891
7369694
8246861
9814935
5760690
3401474
8574352
8108960
1218187
8753454
9343532
6817559
9088879
3895115
6329406
88400
4349700
5307176
8096996
9036941
8353646
3573246
754005
466740
1297032
6217218
5638494
5952469
9240498
8456110
2830778
3691993
7844403
8588820
1674631
7412376
9236859
8951901
792410
9796323
3831756
1839030
5858678
5097729
9912739
9604638
4856835
8254049
4594107
3353976
3682909
2529244
6366094
3348833
3679471
3416039
3078605
1410424
9008503
6050547
1492408
8987082
4524156
7269049
4275914
8328463
6850479
560318
3691664
8665620
7167815
2429330
9519315
5078093
4711234
8214401
1315862
8183879
4987120
7233334
5181015
5435015
2254326
7296236
905823
4734908
3290299
1673173
3877138
3367216
693241
4139315
8639081
6852196
1019665
6396382
3813585
490250
4845919
9224009
3734532
2287757
2273972
1052713
78422
375064
5053043
2583943
1864344
4630293
6061224
6837179
1934396
8911572
8849061
5820128
8131825
1739083
9340300
2649430
3240062
7502858
7994694
8420869
4082497
6253216
8373608
8574680
6212236
2006596
7587406
5202450
4862408
3524356
8062400
7996520
2516260
1725284
5165866
9505057
8373861
5691876
31880
8145761
1054187
8768063
6262017
4363738
1848141
2065599
216730
2204720
9660383
9076387
6969763
9831450
9171717
8294315
8763632
8741252
1230406
7097086
3457531
9460490
34169
561353
3606510
5024102
3724232
5795337
6849314
8457945
484072
5395684
4127366
1425855
6964870
7677509
2097975
5218640
9994548
7661035
4206019
4022139
8365235
3081296
9493670
6891121
9695762
4673782
8563305
2911773
7466132
2313608
3784425
7450087
5349719
488690
7567273
7547606
153598
1760893
4039263
5185892
8434315
8086128
4998867
7868239
5656020
9189977
2139004
8354324
4688676
7527691
3517105
230023
1217684
1285915
2237369
4095868
74498
8476972
4121817
4832308
8011713
1456225
9801385
882361
2754056
549299
7146754
382083
9665858
912004
1012842
1642611
9208851
2643591
7683350
2042210
6592843
8027166
1477679
6464101
7491030
8778692
5212956
3144199
1924018
8313152
3787734
9680583
1084399
469614
8141740
3339086
6404359
3687103
7875182
2629701
4045944
3145360
8625464
2685560
6464163
851808
7769745
9641102
8346289
8318163
8518021
6216228
8952132
1709631
2943018
9826158
6922183
2944845
8432641
105676
7588201
1286322
7514827
6334879
2112054
1612739
8112230
2854594
3496178
4341377
6267235
894455
7843851
2788429
3804163
5181514
9116978
3276074
7834724
5566764
9440456
6520542
3129412
5022101
7404853
843776
5487248
1238938
738891
502648
9775960
6967924
1526262
1781907
425380
4524712
7127315
8629392
8538955
2422446
4961333
9240492
6877738
870201
7442932
2539984
5842190
128341
8901541
7146268
1055458
2089852
1705978
3136857
4731541
6254330
5812932
4231077
2634706
9270179
6125111
5881329
4145353
5835795
2133676
6899230
8682261
9169137
4058645
4075323
8110106
95883
2845708
6712857
2653784
9778665
9581637
9290955
3417726
5883977
491721
8154917
604645
4238071
5776612
8605440
4005305
1434121
4869808
2784838
4823
5216741
6509788
3971287
3767659
6919046
3617891
5495043
1647506
331613
9178931
8773047
7325185
8947466
3917373
3342009
7094574
3442373
6718370
9677846
4604422
9744195
2700609
2594514
9330278
1248827
8824564
8136010
7167243
6410757
4398755
2617649
9044999
8794595
4025275
1783422
7962594
280253
4483392
4632691
9823066
338879
2279289
231423
7930638
6699166
5061101
7650536
4221312
5992966
7113722
9530429
3266620
8808468
6236623
9952120
3561219
5157454
6706472
7870744
6272296
3425067
5383538
1495584
4910344
8691958
3119766
446537
2231499
6506643
3200308
591147
3367460
9474363
2904720
1770086
1312817
8088841
5057701
1429237
1646090
9869284
9497718
9291770
5561416
4558131
982177
9273537
5664112
4432032
8492645
8148640
3990544
9138218
1229027
2208059
8231342
5625063
4618380
3881191
791464
5287020
2243461
5359113
8748902
2460959
2525853
7405924
449423
1252910
5257130
1268372
7371535
1718509
5692347
3151770
7345249
7970945
4444836
675515
1832063
5703139
2388570
5919530
5452543
5268575
3700154
2936815
3054023
3760782
8228301
1642461
3589567
2728600
1221579
7151905
7155535
4030628
3189269
7613985
3234535
80603
6387920
5496735
6299310
324540
7728281
7391947
3446557
2926305
8990404
596977
4733915
8892875
8577100
7597900
5057832
1782030
9306843
5570179
9464222
133608
1767043
9965309
6605017
5074457
1498490
2354226
6092383
9493389
4991096
7579713
2265412
3589818
4978793
5385445
1936502
7956631
7083430
1275995
3528337
7609813
4056421
3504706
3026849
887405
4348776
2731210
6928586
1783223
3694665
5245105
7212607
1714668
2478262
9341296
3523635
6559753
8704487
2940147
4882835
1584139
6969441
4080113
997051
3730123
4708812
5278108
4619108
3625253
67432
1291376
7306837
3647116
908308
4387050
9973817
3165108
8882244
2848592
3771061
7074823
8897390
6461458
8619451
7052179
9028480
4840726
8155545
3435047
4274084
8511155
7635872
5339659
7251642
39315
3713723
8453039
4408684
1255063
9873186
6726995
5109139
9169102
583709
4623414
3690834
1520185
7731090
3005959
7895253
8481422
9618463
2058567
2992744
5350329
6509314
9743736
3749919
9177892
511932
9358349
9418240
2817655
152057
8053375
9137113
4101887
9158329
5509834
2918131
8580919
9742065
4462781
8921024
5125287
5360522
9408490
6992454
673652
6527561
9523842
5926140
829089
4803110
3929848
2503674
7161836
1189976
349260
8081621
5913094
8253970
7994125
6811582
3557977
5872569
3145672
2585130
4514864
5968534
9402612
1610910
4489177
6548768
8350091
8165858
3864089
5117454
8161251
7094881
4672789
1362820
4749351
3090778
2412083
8845112
9158755
999941
5063772
8677437
1893980
7669902
3346906
9209301
9149694
1537523
8563810
5321203
2738883
3015407
1294868
3724103
5613520
1108640
4797643
5972367
6187050
7399101
4616320
9580352
6301186
3477295
3823881
2213489
3805814
787752
3619982
9437142
484039
547665
3126996
3476676
6279514
9577250
8207731
2896004
9445903
9964802
6558891
4957443
2285762
4938922
4217931
3953111
2866830
1929044
5893062
3690294
4171501
4041745
263114
2222013
5490814
9496598
3010183
8063407
2795374
8567700
1821110
7506422
7188665
6599317
9803339
3017583
4708307
7356261
8514113
2564152
2456974
8746854
1236472
855821
7033316
1859948
298804
2538309
7919587
6236021
3877027
7733431
3302444
8391953
6372478
1714220
4887484
2360521
4965987
8616024
1067627
8991828
3525352
4256355
3777945
7788239
9080931
7202583
4626590
1412907
7047609
1475357
1490362
6939605
5634672
1810205
9142998
8276687
8232658
5506963
8036078
1844051
9131436
9162551
2002662
316057
2079377
3537145
5388501
6824028
6931858
7790718
3697574
4743295
6816208
841751
9986976
3288127
2237591
5005621
6719719
4131301
6102931
8535227
7610496
5795953
3145566
2404533
7156945
3018952
7357023
1553913
6742637
1416848
3854197
6630755
5597630
878971
2424008
9723395
9482725
3082098
1753676
1768119
3024352
1851119
9087926
8355459
8517164
8459641
9396325
5269169
2048720
2929569
5310225
1737763
4098914
4305578
834977
5526714
6194368
996407
3489212
7821018
9951186
6990430
6584137
566162
821742
7130857
3155438
5015938
4438074
7952307
1286408
2390070
6902532
3746358
2058945
1876043
3110847
3796380
3178938
8055929
1573219
6434868
7019024
566607
259947
242614
7511508
7264655
170666
6885391
3933757
473235
8830688
4786831
314987
4046693
1350108
3061725
6200785
1046180
4686034
7511425
7583268
9967533
8846109
3098805
8491273
6352833
3186925
506295
5872995
5063405
54734
6756417
3698339
1420192
6970043
6643110
713468
1156759
7237929
1571189
6452807
7631848
6101992
6975400
8038994
991005
4235518
8101262
795101
6851703
6152712
5750712
6692551
3004331
9294271
8883051
6805450
674781
8790934
5571368
5191723
2926434
2531758
2146495
4280961
5133016
7317627
1662794
3311688
4968840
4348621
3479433
9347765
6563907
1392562
4443884
479999
652875
9774225
3233791
7049661
4572674
1532162
8094680
9771386
376664
14908
5468643
1138605
9903578
2850600
9236603
561347
8463910
9106126
369803
7739509
305845
2632145
7241365
228706
9748763
8500527
7596519
4270245
4549848
5270108
2414063
3283387
3282813
690778
1098701
834917
5709171
5847675
600205
7400268
3425562
2030700
1645137
9156254
2231664
2523388
8787513
8760713
2794024
4795266
6934726
1080443
189745
8116591
2858249
5972943
2971290
2267064
8087967
8388912
1167229
6949903
4195428
322967
9788685
6668037
5103436
456850
1974186
2067790
7652767
3092069
5034780
6124646
7425122
4095035
5001992
7182466
3538031
4709078
9552119
8563708
2727444
3604135
7812734
662827
6512589
3902664
8156941
6267261
7172634
9284102
2875066
6510655
9184230
9017934
5451064
6461822
8826461
8576705
3671792
8923515
6842811
4665115
3943436
8050625
1009524
1644483
9670463
9747923
8674802
3424853
9131836
9553195
6111108
2005225
194082
2469944
7620362
8418974
7073959
5563749
7612289
7499177
9545027
9747826
2188696
6511627
1902967
3954312
1794934
1686622
6331469
6887092
5970941
8620910
8689368
1327552
421398
3080169
2302905
7866844
3776101
9920101
2015628
3814102
2035579
3768834
6361538
8278290
5044422
9740372
8805973
7372283
6359095
2511301
6887814
4582031
7628385
601659
355914
9869615
5328796
1348972
4326658
6791432
6116203
2678384
80495
722530
3779630
739071
9465834
916003
7608883
6435107
206195
9396593
3050601
9161320
9865444
6080145
3150229
2770022
638992
7454624
8089418
3459426
4790453
6449679
9246896
2033920
3085473
5229310
7948760
1062534
8483137
2573559
2798440
4362232
9402686
8184641
3320772
9671358
7123583
2737270
9651241
565700
3543928
3910039
7785099
8224356
7322389
4717881
8462479
1961196
8657953
4166150
2456423
8888333
840707
1115719
4387763
5192922
2708640
8120303
5689525
5293163
6938740
9874717
3286015
8855742
4085201
8016007
7906347
8818079
5383909
1288977
7344440
6688994
1795252
3715380
6713646
2523849
653044
1248216
2331516
4040901
568979
45861
322024
8052175
6075294
498642
9379008
2576243
1677601
5072972
3674687
8488030
4843976
8248893
6692981
7883108
6378085
8520208
8360637
6326556
3723212
826298
6572910
4747418
5567110
846319
9798242
7304794
2726983
1819463
9917618
2183633
291234
143360
9679599
5816712
2188564
8599070
3537868
9922834
3705470
143580
4022660
1678945
4909713
9370271
8695488
1650536
5592839
9311325
205360
3054850
7877081
2805770
6189917
5243313
2185588
6390017
7150317
4007168
2975933
9612478
8953912
8751386
3738551
9936429
1365362
1794467
3470084
3543053
3203308
1335076
2807337
4341743
9916822
425617
9593873
193759
1808631
2257640
459792
4207161
9288203
8963254
334399
6588934
8797893
2867602
156787
28484
16883
126419
4537622
7121534
6832531
1774637
910778
7976904
9464925
9505752
9996323
720168
9490603
9527396
4064620
58885
6031667
6832503
1775083
2829248
784228
3551441
6577488
3102759
1676531
8489031
7718075
2195171
6123061
8164967
307263
5388119
1729640
7738109
103092
4862714
5858812
2313702
464983
8786009
7375990
9062362
323283
9048953
4446434
2652911
2219703
7908546
3292886
7589608
9888750
2879617
8319101
4162881
9239269
7364168
9851709
3320610
4533853
2254717
8255427
9809368
2724281
2002228
7969687
9805559
209514
7598881
6322323
6637088
2271107
8346239
7081338
8104655
3025074
6508887
6693419
7557813
9569447
9088619
4110895
2289625
9794591
3437392
5099785
5737895
6750217
7983137
1094215
935431
2649474
365344
2139095
3240984
1051839
2426695
5047231
4975675
6191049
1946661
2221009
7321032
1634156
137037
210343
9546957
4542615
3307021
2149826
8661546
1831142
4605076
701512
692473
6956940
9350351
1906471
6520226
1599390
9232507
5519548
842768
473223
353209
1377150
5455711
6792245
7665860
1462852
9290046
1568683
2376795
8794404
6105567
6415628
2833672
388213
8049280
1886888
6590039
9381778
2577965
7428464
4642094
2871632
3561170
5195136
6446399
6470767
6384116
2430625
3428887
8774961
7240845
9583999
282777
7711469
7603048
3070198
4560494
1918562
5933469
1362908
2120574
2857322
4524923
7096594
7924239
7428817
5646228
3219253
908631
3485626
2244441
803309
990888
181916
6025292
7599984
2568046
816628
2882806
1165257
9588173
9901697
167804
5394903
3607428
660374
7148855
413511
2461474
498831
8328896
287145
4473112
7340312
3935805
8805316
7121651
2939944
8538432
3282566
5909425
2183258
3637098
890990
3069923
8032985
8313509
2789941
7251158
1636199
2674336
5982487
2049687
7360798
3039610
2051458
3783642
2068214
8240476
6952485
6416402
1596033
5665232
6715472
2802542
846859
2200714
3006264
1246290
8986255
8679770
3209596
9242441
2233619
5869788
2905683
3133144
5565629
8634816
7724171
2397744
6911073
7675011
2751910
790679
3138886
2697109
8321134
4278665
9144982
8369181
6559076
2972162
7869623
7833214
2956747
131043
2795074
2881411
5737789
7647639
6582015
9436163
7420347
723884
4511359
7607966
6301730
9649098
4663677
6865622
8181517
8488613
5281495
3241778
1745535
1923278
6088307
7942248
3162917
5348762
9111843
3019896
6319974
1685924
5241416
568034
5864398
3194985
4842717
205462
2157509
8823908
5068159
3760015
5190118
2123025
6889899
7938090
1772149
3913357
5045683
3089958
1726471
2271588
4713760
6642725
6202673
3924820
2185546
175687
7028613
3069304
4198677
9820311
2099606
9350276
7162749
9586529
424758
9830052
254819
4141980
5232065
3800453
3538827
1916087
5735414
5388247
2544600
9838242
1955302
3743163
7663584
1491902
4260661
3674238
5142021
8328616
7768141
6347370
4670284
2371182
7363136
8529029
4601371
1266721
9135932
6242675
5053747
790185
7300100
5790122
7624776
5865425
1295893
6984349
6787170
768901
1179593
6363516
5848001
4300766
3390734
6687617
8924652
5182172
5615095
293597
9282752
7651160
9893073
3175547
9229447
2979059
3827776
2398811
5580027
1007873
4531945
8396069
8587810
5392007
5678809
5233856
3017489
5572444
9059340
9541140
5350074
3415650
8176755
5928072
2492163
5672566
5950485
7133639
8519920
553627
4727416
2367880
1678555
401203
4388704
4947276
8954828
5296570
675084
2437795
2625903
5536807
1038673
119926
3480707
6485870
8683636
6978314
7675673
764049
4469313
8083946
5889672
861438
2995153
9484098
3792405
8414273
96924
894956
4115510
5703065
2084619
9424930
2322660
7425153
2112602
1786551
454401
6422267
9924581
205071
3302560
5717760
1012128
4311020
6096509
2451746
3816938
4681254
3421257
8723367
1669170
3078874
2672711
9061281
9477754
7254302
9443659
1889864
5703588
272277
2514259
5030204
1937638
1150438
6495589
4542086
9437493
7587111
4367096
329090
5072462
7525668
1749267
3482774
4417689
6387110
6066406
9748254
6867093
8319853
4778846
2654402
7737399
425486
6084491
2016948
7263770
2762322
2058927
8881852
7139140
8484480
1957665
8229904
5796022
8614090
2981795
9865345
3904422
7769264
5840686
8630064
8705966
8200743
2078084
2191308
2209937
7409483
1781661
5933375
8218850
6646425
4925739
8747977
2321219
3319226
5009170
565443
3848011
822108
7271314
275458
6170000
7951492
3841945
4458579
4743326
8569228
6279977
2554685
2821926
7695920
4123916
2553812
2056726
5719851
7910814
2261185
2693272
6278774
3814068
6756028
7213372
851189
7855764
2634693
6633395
5136917
9875688
1899206
6808742
3111637
7081560
5171856
9536857
5897904
3209462
5547851
9014338
123724
5375575
5341483
2188428
9791197
558503
4069703
9592400
4209400
8461402
478391
4711701
4186843
6939543
7903600
737347
4244916
1756299
5409983
6318661
726491
5888795
1058978
9374630
1431951
5891694
5570724
6907231
392573
1288791
9652534
1467121
8156285
5504064
1302635
7189932
6786035
7661955
6665356
1903468
9769698
8068258
1810808
6012304
1152561
5555089
4842241
3788569
9300385
3709224
1706306
3885368
8800717
9863363
8690105
591149
791839
9854570
4568015
1950863
7551635
3069894
6690429
2993506
3642714
9179326
8453383
5432289
5983196
987508
3291956
1941326
542742
9854823
5702898
4372587
7447271
9217873
9450006
4153708
9760712
3647765
5260640
1827286
8043568
8151073
4035129
1643677
1335773
5918492
3124000
9996336
1065250
6458800
8362011
5703538
41096
2041060
7279747
4071169
9240812
3137322
903299
7581763
5163521
2362897
2102629
1582610
5355375
3025704
8063675
2546374
8868216
8260533
6877619
2686331
6372570
691878
3997179
6619067
2103183
8873888
3735567
9544207
6593503
2338302
4184950
7110106
5877547
1632431
2923925
8508725
450030
189130
6718971
7984807
1960232
1021518
4059604
5902179
1277776
7555511
328220
9689030
4980723
3604541
2362981
9812940
8972899
2061959
454907
4163215
2481737
9282820
3247406
8130174
2889603
5873933
8211495
1052415
2095587
3322575
4298194
9890326
9557917
5305476
3202524
7232342
1115824
859324
132837
6535825
2417048
312027
4121587
5511680
7617540
9684906
7199575
4703034
156747
2522621
2420559
716959
4658702
839924
4083616
7070175
2578819
6547129
4696481
6164507
5823678
2255821
1117364
5043424
3198488
1062605
7932599
3932454
9540020
1186493
9348343
7863748
5949712
760694
2399785
631161
68848
7268040
5528655
6032067
5750467
1571743
1480982
3108039
6511622
1619072
422684
211348
1578938
6051209
72175
3113866
8569930
7050498
66069
7990172
7159639
7400732
7564282
2591516
5431378
8516041
8842984
3277157
7837162
4035601
9287464
9113512
2408928
3928341
5693645
3375594
4644375
4085759
2449535
8412043
623019
8800911
122294
8896050
6496103
1657545
9852943
1901419
6748440
4319532
4157382
3668670
8840828
2874325
7516314
4475519
1578347
1401261
3917112
2351991
2278287
2610244
8558781
9478771
3276805
2833931
7479390
8459976
3977456
7831308
5369597
5116768
9549186
8171992
4039839
1608036
9327676
7123175
9276172
2001591
2399586
9329078
2619563
378515
4019913
1761503
4673171
6692722
9044436
8569147
8899562
6701271
7125005
4567778
4541172
6596644
7998678
8002788
7547036
7861068
7605343
3088489
744002
8206225
9169863
335864
4307772
6061470
2653642
3006085
8664409
2728670
6642975
5195427
4785559
1307694
5480658
454369
814070
4898801
8735469
7342094
3067362
9761594
9195464
1746586
6133075
6439587
9608347
8387482
3020725
4008616
4309891
7648853
4463624
808204
8328001
9666254
5707023
6421423
1571029
7422959
9876009
3894531
3824013
8192509
9171162
3054107
8009623
9443467
4712922
4542547
7276527
6007345
2058586
7435111
4175748
7799624
2040194
1501052
7695395
5749865
3688813
3665022
7391422
2219314
238088
583167
6684695
925912
8210471
992535
6960457
6432554
3430288
2300766
4454979
522296
8017274
3619845
7419006
8129440
8754195
1477024
6583065
2771496
2305815
5055520
550465
6405514
6603533
5582929
7212198
9226589
3617219
4229232
842101
6215578
2429665
2697109
5660822
6117340
5280623
3568386
2267514
3923448
6951870
4547854
112706
5853174
2395045
7750615
4221644
1633549
8462303
7368259
737228
5035488
51907
5764860
9015783
542323
1599001
203431
5888101
5755641
6783983
1139506
5939109
3948009
9610503
8594832
3236153
2592108
8635316
9641141
3837360
606099
8860331
5356001
3955562
4520829
2738028
9780982
3369686
7283925
2189331
530850
2029889
3966420
8022095
633433
9834668
5620588
4629873
2550824
9301824
2057531
8691073
5399889
692979
49492
6842950
9467845
3675505
4789954
2091800
2882760
2180116
4263737
4151584
3665086
7408454
106986
339756
3032451
7532631
5622539
8330857
7814452
2308054
3700786
3504746
845386
4350621
6101895
6813413
1712328
3522754
492318
2711486
3899036
6428459
6436753
7853302
4352981
6471137
8239102
9987792
9060005
1338696
9268964
5600831
5721696
3464585
1910852
7329958
2358603
4351642
1379545
4123589
769776
1419858
9595472
9846955
6773265
6533434
8217018
7290559
1981677
3217697
3023009
741712
7416942
2929433
1500939
198436
6812635
8388093
3682572
6075021
4584020
3078033
1883451
9923614
6737614
5179151
9133451
8571017
1890270
3163396
7088282
39754
2004130
8685878
7391970
9674472
1527990
7512503
3757923
6158178
5994375
6761722
6146369
7800103
6060267
6286130
6913112
7599687
1885724
6182567
9818502
9912308
6220037
7848545
8147248
3888189
62515
8044021
1384545
6667742
1205543
1284424
793502
8522892
7922323
7020967
6653686
8535467
265051
4028897
1204985
1344312
8182553
9962166
3906895
6861259
883840
1801965
3656962
2884996
3999767
3723612
1683774
7981199
9060714
5701713
1626173
7648290
8549033
944715
8997050
9612472
8233680
2305369
430119
9489340
8146164
9122728
6348981
526730
2040558
9857715
178986
3811813
2660815
2049861
4280804
916009
7851196
1185670
6749204
8587568
4163322
9665271
6926487
4388182
8650840
8537434
7138544
6462898
2317915
2444321
9193318
2203273
613095
8323087
4681338
1563221
4079026
8599784
8855018
6006814
3046634
6714966
2484622
5556405
450467
970071
7210208
881818
405179
900329
1991791
8889026
1954713
5109229
2554292
2713069
710489
3265002
7902171
7542845
9265311
3846175
5932776
8897761
1309213
1978837
9572271
4194878
8746861
518499
1943369
2154608
5102665
6356962
466769
2131042
2070823
5807436
1629785
1644686
3999276
4910872
5202825
1547184
6896716
8925273
8525532
6778728
5136181
8687530
3014253
8625030
9807314
622773
7555405
887752
200423
8586890
2204291
1555161
3674698
6577059
1477088
6332636
3649184
6359565
8032031
4295418
4520626
5991214
7060269
7412322
5050817
3229184
5593297
7570721
7394227
1266850
4427044
2627157
9919966
5826556
7141113
7468170
2644764
3594113
4824647
2931223
5653577
6302867
2700927
3837706
1900419
3601880
7304463
8231972
7338933
9131949
6015884
149722
8928005
8780311
5297890
3239498
4132544
6589768
6871221
4043630
569476
329280
9154411
2820960
2482393
1032436
7180508
8843683
6205771
4870889
6589877
6097787
4581474
4372215
8550281
9370746
7291559
9778768
5305009
8194680
1792449
6121632
9345906
5004607
5201973
3973219
5376457
9095598
9266389
1196230
2776611
9267598
1359719
3052999
3991340
1155065
4113343
7127172
2731376
7032484
3608332
5233769
6560823
8450375
7806804
6774157
4811564
3848014
4955351
5467198
4099130
7874646
874405
9463048
9198645
2171622
4407851
3275848
9848591
5464554
1022089
4974775
790710
8221230
6014510
5218896
3999574
3685700
7252970
202869
5430711
2199955
1688411
7291094
6847081
9694424
9778514
4286809
1529934
6454997
2305863
9442679
9458356
7174647
7572595
4385123
1519323
1395793
3246510
3350366
1814477
6073152
4464863
668865
9919494
7714608
3030085
7783684
9918806
5732028
7511494
4443647
9719858
7917836
2032157
2156188
8279012
2992718
241009
2737857
105403
974457
6034918
9504986
9697067
1180463
3500167
1407136
4174353
8714423
4297882
8164154
8799976
647683
3397511
8842326
2179293
3827618
7124744
7150965
7652602
5396940
2033377
2948511
6332890
9795805
4074870
8083419
114310
4485238
91166
2146916
9571173
9974057
4278009
3649074
9688653
2619125
9738843
4675999
6610902
365544
8248967
2456149
3218205
658336
282932
4138388
7136396
3930375
3974083
9878284
8269651
7129844
5175552
9101700
1799510
5665886
6012300
326922
8649729
1027640
56879
6500355
6769513
9085189
6758003
9321492
7711661
9161878
1500845
7601522
1035287
7268138
4752276
2375642
7056508
610146
4925289
7539668
3071733
7013859
9263024
1602363
3355855
5876759
1857229
5234027
9393342
2153093
5982230
4630134
5784647
7883149
8140487
8693464
5648012
3446434
3583734
3713103
9382097
631622
6351949
5455426
1015748
5538162
8340132
9619451
9958734
1050226
6218588
1189775
782512
3760955
8351297
5235649
8986687
1806564
9396687
4944212
8546009
2306964
4183266
2980265
8653419
2673371
7707209
7403430
5391390
1517712
3366618
2692225
1335397
4110779
5507175
8610197
3120442
1080775
9751989
7093200
9003108
2768699
9213399
4817136
7893958
6624154
5640176
9898080
1902440
2488862
6199656
6966769
6756309
344767
5715463
371232
6834812
9125546
3871598
5836813
7371599
9303573
4965190
2432649
1122953
7088004
7245561
2423820
2374214
7420157
9825046
9213325
5640971
7668525
3236081
7313477
420127
1591007
1842720
2449924
8161305
2029050
1477352
9928315
1796571
9285108
4498020
4268928
4431960
4581356
335317
9410975
9933700
7414591
1476841
5148668
4493697
2466004
9215165
2996043
8513724
8038217
2798602
4225019
5407577
3548509
1700746
2551536
1002993
7979306
5149251
9618171
8635728
9930165
9955209
5316976
1889036
1852927
1381107
9807307
7205896
2627904
4620449
5780609
8381563
4132823
8046740
2869805
7008930
9662003
8330147
6417388
2086766
8984363
7346429
9043612
2325169
9323180
6273088
4492265
4237281
1071547
5413721
6665542
5490447
4772388
5308970
9730559
4004837
5057275
890449
6441495
8228645
6258614
3861687
2015599
1771325
945472
4557589
1315617
9083689
9708951
2352983
4168442
1683972
5100846
1737953
381925
9424955
1101145
7933812
4876091
8257212
3307246
2101384
2175415
5439659
4214022
5438305
6384146
6625648
4411203
431887
9378803
3320849
7100309
1007335
3877343
5190920
7102529
3611827
2489364
8161204
3773338
6247829
2386423
2414091
7566059
7940402
6356362
8583231
407797
4349217
1718857
8226480
3340775
712832
5008662
1265223
9334256
4813267
4513732
8600777
5638769
2869643
559354
3699035
5268173
6151288
7960144
4163671
5621726
1639511
1817297
7103293
7697159
9299269
687299
220370
6303350
5640490
5150638
8457028
9239805
7265357
1700931
4864332
1197879
4670697
5861978
1725045
8590545
273851
9727889
188237
5045140
3134638
6598810
3945090
2573924
4578982
9998408
3354526
9643973
235146
5599121
4517531
6174485
9889786
5836567
3891176
540303
3925366
9433049
795682
854532
2722157
5355080
2365146
3287360
1282097
6722591
8579413
7612376
5518498
2532691
2325320
6866303
7236667
1836695
6725301
1256666
9090649
1512389
8859519
1893455
1955521
3068381
9314505
7838755
948025
512424
6399006
8654890
4699169
5674552
7300970
6551932
6174765
7666952
7367897
8930543
547041
7034219
9506297
520991
7409861
8064510
4891367
6738551
8880282
9142185
6231009
1717559
6517668
6608368
9552500
3439773
3582577
6655735
6168749
2724311
4106860
1925038
4518206
6740749
9015187
2464133
4876483
749868
7608555
3609524
8069866
2521275
960783
8178652
8520704
5177897
4218524
7986201
2694313
7233808
2535671
2261620
9886195
452083
1892780
5401485
7711041
576627
1955126
1950681
605547
4362640
605938
4945774
2444678
2720544
2980945
476539
2254834
4843347
6260119
175678
7398986
315479
3554599
485896
4066558
1246222
6435988
2779321
453584
479556
9218168
5972493
150467
2735456
579237
8293258
9179242
9321578
6967808
2203399
409726
265687
1499447
1451910
5713976
4185138
7680951
6144654
6467298
9793350
9066134
3959622
1785480
4142610
2954122
8224709
5016668
5192982
6321374
9352499
7139900
8467245
4905504
4350294
7406265
2725723
7216641
3170601
3314354
1323379
1213286
1690945
7419863
4824440
3184409
8532274
9063856
5247702
1686655
9383438
3159910
5545533
6244574
2342774
9624903
535410
2814419
9701727
2337414
2929992
6539819
5101231
3982702
9714291
5227028
113933
124008
103561
2400652
8305735
9678919
3705466
7538281
7501230
9113806
4918438
1411845
4044826
3789723
7660589
377055
6517860
4233177
6156364
6177905
5168738
3607087
6825353
64767
9601235
7543851
5645295
4724477
3320664
2251824
6844533
3139937
438380
1742497
7017374
1492335
1516577
6684010
1252613
7799585
2939497
4356356
882515
3410300
838514
7196119
5536894
1211754
5039524
9846042
3500486
216658
4474471
1389179
2630854
2395719
5896495
1299014
2990381
657420
913231
8518910
585831
6605826
2186959
3934913
5336772
8789892
9606153
8485064
5130018
3680084
255776
2021816
9271944
3805493
4620844
6590285
6022608
1708289
6112762
2388361
7075041
6593503
1089374
5448960
6320128
7586074
7032075
8546612
5721450
2387106
939024
7613589
2761241
3782103
1072827
5681956
6372077
6407927
430560
1669308
2066517
7431241
772056
6917779
4271246
8423610
9866686
5293645
6963863
6942690
6620857
3560415
1460895
7744119
6427097
9235477
4189169
4005113
7176685
1103681
9793546
2793090
5318032
3652236
5230521
6876467
2527287
7035687
4597282
3265916
7046920
6915290
5837921
302365
4387425
1780809
4243762
1020049
6092420
4816764
9843728
1907601
6439539
1448057
8404681
9960032
4457749
7411673
6051027
4711929
8669705
280220
6553230
6763931
4945140
3590004
16678
5018315
8186789
347034
4885553
3038674
3581561
9308285
8898154
1561968
6166726
9715450
3603603
7993258
4160445
8499166
3844342
9669443
1079989
1401951
1554960
5621676
6681986
5381468
4873203
1439200
3182276
2189914
4442490
5441873
4182711
9838012
3556200
6813873
8222823
7626319
2479966
2755598
4215203
2736359
4129837
6702124
2879541
2795900
2781085
5321831
87074
439353
424894
7024775
1280572
7148280
9200909
5031310
3259228
1410707
1368622
7700945
9158682
3589975
6130473
8708578
9095043
809576
7730830
2853266
3728581
8443466
9993785
8749026
8251032
175762
5365353
3031579
7320147
4632265
2864611
1103175
8107732
505609
773938
4216933
3172114
5396814
5304162
4894578
3455453
9573110
1736301
3858149
4371919
3151905
6885167
5970208
2054746
8798542
9265607
3793577
5724371
6012032
3538904
7809099
5903601
7297582
5495360
8654546
7917012
752026
1414585
8357719
3471007
771472
8229462
9339954
4638827
8877482
9508577
4161254
2397771
6854939
6662459
1750604
1171228
6847121
814141
6946224
387701
9545016
5055261
2034773
2811943
6939945
9423471
8478416
1748619
8461683
8988413
9263826
5536520
8544125
1629003
5429416
389833
7554228
234060
6796202
3638455
5139244
9848355
9756190
9756295
3845113
2941670
8729287
9089268
3492972
378864
5496447
6925967
2439360
2544812
6436637
781340
4931001
1128490
338357
2760767
7620757
7533973
2335213
3376246
4768824
7520717
1391575
7292456
2784211
3963069
4246189
2462504
2507796
2365516
7055232
3909395
5553363
97099
6297101
440222
8280808
1123517
4133858
3970503
9912459
3475886
5260256
3196359
5628011
724019
2255255
7057424
5331365
6206266
7320360
4405600
4142094
5255278
3163500
7927201
5333346
7363469
1764791
5259913
3976735
3258811
3244116
5028443
4971828
5278821
3480722
6492216
3462706
7292315
7987203
7296824
2455170
8017985
6155126
7936736
6034071
6374042
264836
9883118
1993207
1941981
1562390
3108092
4004872
679035
4232888
8682908
8061319
2510937
7947521
5200775
5898736
3843655
7600043
9064985
3666785
5969877
8782192
1198891
3076251
8550313
3393731
559242
2429259
8484610
1079110
135712
5996896
9493343
9123764
3982459
8721064
4403018
7355789
7239908
3232509
4445572
7257554
2396747
3516982
1326817
146500
6849826
1251039
4165413
2156165
8683765
4023443
3656142
1962920
5451802
8055595
9904429
7469606
6875107
3218907
7705283
6314957
6640239
5789662
1500607
6297327
8367249
2287924
633533
3710128
9848199
3751961
4365430
7057447
9800891
7319010
7370408
9107310
3135654
9293668
6762277
7350040
8665016
8012113
8237327
9324259
9070075
748925
1323247
6669680
5682341
8831964
5213709
7888174
7351760
790409
5663852
7919968
5621332
527035
9906828
437056
2314512
4407514
5540859
5505872
7549406
5532886
5062211
4837806
9844006
6077591
6559404
6608271
8423272
7308707
1672395
9545519
7760066
3388216
1206355
4598959
1284527
3806405
6942987
6837320
4047419
1943321
4680876
5487490
845931
9849828
4939359
9480051
1782106
13726
6005034
5030067
6635923
8196386
3902498
4296651
2178899
9839198
5920457
4334195
1249206
5582356
5397193
5398612
7242542
2565308
7127611
6453425
3270008
6267136
6636399
9269149
2481849
7144113
4251078
9327943
5124625
4412224
4363142
6449347
4623728
846450
8609240
1001729
4395526
6168416
9498156
3185224
8550364
5854928
4176929
7723192
787910
1628906
4604661
7119735
9715748
5542205
6757098
1274839
1756500
475565
1162871
6785622
1398799
3656793
5979355
6612825
5303659
1487545
3783009
9825911
9890271
5733250
9042953
1341411
3188697
5702439
9194572
7336556
8720139
9693315
6274922
1514699
7625258
4060001
9526055
4058391
3701165
7492078
5586354
9486881
1369882
6015348
1917823
7638796
8587411
7096869
6730439
8852312
450926
9151655
1527001
1871320
2181895
6213309
3139239
6630171
7312155
3704134
790371
1614985
8141405
703651
6351211
6369306
7096385
7353553
7626170
398413
2905347
523868
8894017
7671374
5592680
9196270
3453903
1206431
5588363
5763368
5388761
4357407
2468325
4495396
9508366
6988786
4014750
9600811
6694067
113809
3914272
4784863
5869566
6827220
2179337
8247677
4807978
6511566
3865088
8980865
1255510
4731481
3950724
7383264
9796821
2093479
7974971
5676662
5329486
2134409
1612660
3221479
5514843
3712656
9780865
5002996
2994057
851
7338176
8445068
8781633
8338207
3540892
4395725
8156534
9537752
3569737
7913322
438746
6273049
8341478
4407036
6259478
3636163
77903
5742886
2217637
6751106
4866322
6670706
9314209
6817416
3535885
245810
3059772
1879390
6958995
7495010
533099
9727093
4746120
4434440
2869423
4712209
3513464
1723465
1436135
944039
2763127
9462481
3204815
3738076
8182270
4132039
4890059
3032030
1452222
8335246
6269560
565213
3120353
3215817
3652144
4601332
1256662
6553511
9024446
1633821
9284179
1477325
6608210
7715396
7819846
9376110
2964694
3095484
854871
4886155
5706191
1175674
8627368
5749061
6681863
5833041
828775
8046394
9607800
4329368
3789585
9029165
4056129
4910349
580338
5516500
1484089
1515357
8999591
9820612
1806676
1724961
8865683
6334158
4373459
2677429
4495875
1394643
8277083
7784394
6530789
7822230
680772
6958535
9600505
212564
1371578
9460184
165416
3256297
191293
9768556
6378824
5952400
1585838
9801956
690906
7622571
7784205
39008
4163573
2956275
8384170
1309772
3830365
8458181
4315631
427186
5993225
2890741
9050107
6023364
7550953
2272627
971211
6927744
474091
1969747
3001515
8082379
6016135
5249240
3228946
6426806
643676
5496647
9045928
5733072
4688579
6895159
1912199
7020362
5044609
8153370
2313415
8760868
1394553
212825
1914344
221929
2378622
9987017
5483626
9777294
192608
6321195
1294599
9414717
3700705
7123275
6289128
6785628
6028012
421227
2179459
3866132
5161912
9676323
3642082
4616608
9368994
6963655
3746263
5014553
9334884
1241153
2178689
7737892
6787843
4445765
1072535
1709855
9608743
4096954
4905415
3186352
2177093
4848266
2906073
2990701
6533428
4076169
7537986
1527954
7626310
1621245
3990622
312777
2744709
7012379
3225770
6204878
7332410
6860540
6593344
4071463
5667207
8517395
1614254
6032933
8088402
2477567
8302141
3650004
2079310
4744244
8346211
8034535
6022361
5476011
2455643
4797978
6705383
7238101
114414
9840533
5139985
8970645
8836301
5701274
4162823
1026316
9365547
3180015
7024485
9723440
2615860
5862577
6850750
6554207
2808888
676098
9084326
9084640
8816212
2875936
7335212
5298376
1542686
4864954
1500194
3919264
1086626
3114383
5929290
2064628
3145683
8026909
8699097
9619823
9361878
295813
6484681
61032
3064646
7458366
9709047
1177789
5654426
7371075
4476070
4655560
5921232
5182303
9798035
7483309
3238312
551057
9343811
2083371
5351647
3474360
289428
3264064
8489972
5155191
9909752
1630487
155093
3930983
3374592
1004457
963089
8755959
9256996
6935499
7020383
1023352
6276806
2354386
8176266
4301262
1920763
6456348
3992151
1824991
4833091
7603292
9065628
6765173
4173668
9237695
3057932
4911005
9607022
6983448
2661807
7809604
4421623
4686287
7703099
6341916
7891872
3456954
6736194
2315204
1370681
9236180
9248685
4078169
3356211
33485
9511419
4398076
2677903
6122566
9250337
2301678
2755872
6892683
7240281
1087046
6205304
7910178
5835579
5566638
8687887
5064671
1125923
1748076
2038995
363980
8186757
4664094
45442
1769432
7409345
1682120
9922144
2091084
251166
5743221
1073696
5696496
1823105
8304624
8209281
7450795
487621
2856080
4138222
4083016
5910187
5371993
7732937
9417040
8693584
4158664
8690512
3622524
333744
8702344
6957516
1128249
1237939
3756036
2433279
146487
2787900
9701598
1147173
6135687
7441874
5619412
7316413
7868476
3879797
1454890
92498
1433575
3617025
5703135
5374422
9978654
7899843
371947
5801864
7831800
6096255
2528736
2883732
9246143
931871
5620576
2377501
3619962
1248823
7846965
618109
9736747
5882203
2479483
3725239
272345
753334
8159014
2447589
9821289
4789382
7923211
3302756
2894780
5223239
9535534
9579920
4708846
747080
9540175
580465
6778322
2708165
967137
3692533
2232940
7098024
4878744
3094846
27935
5931086
6331880
983551
6082809
382333
3848758
9809481
3171496
1028324
2471121
7797588
5282954
8171618
2128396
9544894
7670684
9681001
404522
8665059
4221812
9499911
2505683
2588478
1574286
4444838
2646481
4203179
7947299
3082768
8128705
7621954
1454544
8864120
922212
732303
9466736
7951698
5948123
9987058
5016314
6964981
829293
9047385
3154051
1244148
5851222
2477366
8745542
3653221
8013163
3786988
5213707
5594023
5418755
9132196
1014091
9709767
385118
9442760
2972275
3620501
7796526
2062413
7451631
539877
5754381
6944968
6888029
1331663
2701725
8975722
1244566
886514
9086703
8868972
6270995
2813115
131438
1728897
8053058
8267421
3590264
3941090
742244
3423601
7538328
2213516
2897350
4729873
931274
6866856
4169684
2263093
1133507
6348878
5783314
41872
5891417
2384656
1844880
5312322
2252601
1377995
92313
9825959
2675222
7738507
9632022
869415
3397141
2220172
5264981
9895492
7020530
8673327
2572481
6973763
6565444
984652
5030971
5483052
5312697
494172
4314830
5880397
4985933
7213047
4927601
8602994
625721
5761801
1192666
956318
3816907
516505
4556027
3187879
6752998
6103840
5256202
9792704
2762817
7812918
736667
8570943
1458420
6726357
670986
6426192
7578747
4001267
5330036
1507457
1296335
5125956
3514260
3154355
7421226
7190177
235030
7945064
410365
2434217
5164863
962721
5390911
4069837
8012063
2367203
5542803
5860812
3208183
2869455
1480208
9010994
5507260
3207100
5086471
3199402
3145987
4910745
3959547
3295884
1476146
110442
5907821
8303936
1590425
5484837
969513
3910133
8474437
4093941
7135084
4707907
9909454
4826612
9199644
884479
8044263
7946413
5158782
9997914
6871332
6608079
7010618
1211896
1431089
410803
3107970
1102363
8672047
8441403
9679274
473542
2409230
9780816
1347431
4473196
9144179
2908237
2995236
3308204
9710592
6054700
1583863
6653481
1164746
1808832
2545963
3283488
1687829
6678651
520115
8649230
2530671
1275049
4691121
4516683
8985635
1258665
2893216
7191369
6237498
7599331
6640742
1927044
1056491
8047091
1495048
208902
1364797
5157479
9189804
9476401
4402050
5997528
4441385
3398045
7650110
2324145
2559577
3113171
3818746
7474366
5672415
9152843
5767132
6575736
5017829
7668442
5181985
6589244
5897739
9287830
1231045
7797932
6833515
9482578
4116492
792646
8118483
9854380
1092357
4574410
7907425
6982740
8550497
8308153
40577
9204823
632277
7625286
6205214
4442403
8230025
8097575
7066928
5621009
27993
4793760
9135374
4495829
805348
7277836
1939689
992989
7932361
5834006
9764879
1757109
1221249
1922041
8895335
3656304
2653147
5445887
3956459
2104381
903205
8044516
1153979
3175830
5083144
6817430
1475599
7897736
8782496
3817832
6758362
3523109
1987482
984119
509598
4214995
3261859
305221
2522037
4260210
1075073
1782235
3996421
4034640
8266735
2959662
8988139
516362
9991539
2853907
4349802
7431944
3331833
6239757
2047913
6515013
199395
351158
5763062
2591525
5412875
2231449
5725016
8253676
4708104
4359712
9296847
7635471
5404437
9186033
4819331
1110280
5672158
9149383
5686719
6668085
845447
5267270
7424980
2908904
3089280
6767860
260869
4391705
9762187
8341893
7324920
4580522
9696935
7081954
4038907
2971517
3783594
6737003
1027012
2912924
2656739
2840716
9953726
8248072
5870916
4759360
6953526
7529192
5542102
6876616
7572459
8434740
32835
3962314
5721966
8031363
5365415
3179264
2333517
4065891
5723340
7616796
5983941
7182435
4080386
9277123
2103232
7843497
7216541
4175641
6018570
9541540
5767528
1556799
5271079
1873329
4703821
3505852
3323464
4417628
4087473
5575607
8875240
4829483
3734045
5293555
3276628
8477845
4296593
2196023
1447864
6706091
7239869
9448790
1062722
1933900
7165627
845148
4432820
7357151
8110259
6526309
5408454
612247
2062131
5760484
3145404
4458056
2391554
3414838
6454733
843440
1472612
7809401
9759710
6900898
1901036
7265813
2873535
7298413
476599
2584468
4771280
2030273
8765932
7147184
9368047
9657621
3171821
6765049
9580324
589765
886432
5442534
729477
3682619
6295224
4358280
7030115
278379
491748
3086597
4272382
9634409
7721516
6184453
7945113
1261282
8943844
4898170
1452380
6434804
8257301
4950940
7152209
6767312
4057877
1165126
2207393
8188557
8312286
3631760
9740548
4042813
9464527
9719413
8454767
5024946
530748
4213790
3487434
3187847
9099823
457414
8660810
1183538
9225421
6224495
1492978
5420816
6283703
3395952
8425568
8876498
900504
1839460
1790771
8342069
3733793
2710264
5777768
638489
2317319
1507294
4733769
1283683
654682
3595798
9041218
7869965
1684260
4609578
3269764
7214987
972151
7710158
3395388
548767
7701331
3533665
3440072
4477309
7155892
7764248
7671581
2346184
7746216
873135
8239701
682407
7491023
7581187
1579866
748808
760335
568180
5550654
2173383
3144600
3480081
8249882
8688706
5926016
3453906
5299947
5673335
2366719
9050313
2121465
4462747
5408578
665789
2451702
5862988
8917822
1571527
5502341
5951820
7426367
1799941
362007
1713499
3805655
6400573
2614401
3076968
3192212
2943204
6079163
9022753
7154609
2857823
6961966
5015347
1245862
5203439
3498278
5696463
4159344
4604849
6440033
8335078
6713812
3748264
7673874
5494790
4702377
9622145
2630794
7989693
2468614
9390640
8984244
8440129
5339588
7513275
9923855
464561
7738651
1752590
4496227
6026275
6452915
4449602
7743037
3580137
3398581
6344524
6828808
833104
2554332
997124
9474573
6901622
875813
3140493
5835840
6478746
791475
5742520
2476705
8727517
5696861
9257752
5517362
5294938
1164989
8263532
9088714
9862719
5633407
956830
227526
4339047
5119517
731465
7128066
6495627
9797720
4573939
4350309
6345647
3010815
9273823
3355091
1408552
4535136
7318615
2003514
4929726
436419
1235024
3528317
9389453
1511004
2838101
1892908
7787531
7219430
7998249
253531
9902998
5940371
713501
7920802
9179977
1451470
9983850
1933428
4966073
8305787
9117831
4134458
8113285
7500692
6404166
8023304
5999017
6326409
762500
4990696
6373121
4138015
9229448
5776749
3930798
4217810
1028102
4554947
7667804
3214257
6633080
8474827
500057
3101047
1953733
8539950
7427641
1315484
3412511
6565254
9140589
9359057
3513445
3433293
8255999
3484610
1252201
9894224
1693596
211295
5084493
1727653
660606
4620137
8073475
1371114
4394385
6128658
841680
3486076
9399823
1259736
6888347
1902578
7780226
9728467
7013127
8675615
7954023
3488038
2514172
7495822
7744310
1708738
3911493
6028426
6696021
8704356
5613456
7544335
3110632
9320065
3510168
5234265
4157016
7220756
5308880
3349093
9279726
1288498
9707366
9781668
5015203
4399424
9215712
5048293
5055451
1054163
4139161
6723243
5764410
1218645
2083473
3683573
4926166
1003606
6102
328949
9490893
1675245
3282213
4477594
7806995
1952108
8678695
3549600
4958761
1799109
2657518
8895630
4590656
6268712
8657372
3214298
965257
7609860
5333427
7925815
9113562
4921376
7010763
2346427
319983
6316763
2332166
881957
9954740
6798475
4915281
8367780
7132690
1031853
8667503
9199303
5018158
632707
4880478
4586421
4955797
833221
4219950
7933396
2462602
2268891
3633139
5338295
9584996
9425711
7612132
5906175
9316685
8650081
5735653
8599665
7884600
7924913
6244806
1296539
1018331
3573143
7688651
3738069
7454396
8194620
384126
6667187
6844430
7758170
5167779
8862875
9375614
4409089
2242717
4310880
7458787
975237
9580726
3357204
6632387
3222602
9502409
1490772
5513534
9828096
2086722
6800498
2198125
260755
3326327
9294079
242589
8957891
2603774
1183395
1580882
1059366
9050385
9778218
4704641
6067158
2538157
6870673
4809350
5311457
8376828
1819677
4738170
2818873
5096227
5658101
7393883
1953190
7544789
9119463
981632
3098578
4534809
8483187
4894260
3866846
377649
6316954
9833422
8873339
5921286
9471407
4310145
1753566
4903299
8674230
3896554
2796150
8282921
6254976
6764841
4670824
1323699
9211694
7802807
8907432
1617472
4936041
2669177
4339326
1495626
1831519
8712977
9648840
3299403
3659276
9778182
6640082
6282364
9749661
1677070
9804836
7326024
2506785
3209971
4014444
5546028
8834478
1379450
2684848
9860703
6655848
4575599
5902443
7436699
4364563
7877937
3717822
9350399
3110315
1348633
9776748
1507110
9685951
9948231
2575996
2732660
5253623
8826753
3435828
9221185
2553771
8177398
1792407
8314374
7783307
6134391
3530799
4984055
7039646
2143560
8210623
1192013
6901812
2296081
3294024
1203513
7364773
8860423
7461897
7450701
5283626
1756590
7466979
4556334
3814637
9393859
2387547
8466776
43170
3622761
1344661
4635414
8970516
6407372
3809938
2548070
8865047
8146642
6795251
5915047
9755982
1123097
7690871
8648362
9503283
3597375
8282325
2947504
3894296
8401315
9656939
2171110
8261390
1516283
821937
7190498
7206050
1436459
173233
5793696
3750361
3820661
7057917
9994534
6752315
7841258
1604829
8735273
136325
9652332
5731604
6219785
2080387
3321541
5600589
8211304
330921
3075999
3068986
1791434
8623306
3533711
4026362
4530070
7452807
9152129
3150772
9498551
6026942
4692008
6153722
8128309
8163936
7692503
6117486
375806
6868204
8755904
1913218
2456419
875972
6931863
7580958
4705380
481342
5901631
7765984
6927629
2680346
4264546
1401606
1130657
9480965
2957845
3208951
1984655
9083833
421001
1934058
8093746
7907301
7399696
3050245
2392773
5634343
1481429
5131431
5990628
8996506
8288228
6579876
7128737
5743508
4749466
8542399
8154559
8819621
3820202
9735244
1888444
3402040
2446859
75334
2016181
8697420
2029930
254881
9417518
4118117
7980274
1666679
5010653
9559615
7310865
1685985
4066810
6393460
5482997
2994437
1324810
74501
9667894
5134365
3004421
4952589
5851404
9816085
1180847
9661307
1938835
9009634
7527566
6596165
569415
9057110
9567475
4453940
523528
6654294
3895637
7534104
5079757
1923914
5710751
9121953
5545703
3001389
2287
1642405
3897520
6946978
3129753
370703
5055165
72561
5744897
7561507
4848336
2527474
4755100
8780751
1913007
6738638
5717350
5958261
6845064
5628708
8383713
5370459
1710495
216336
6977413
4898056
8835010
4842905
5507683
800797
6232093
6051117
4118075
6632476
6567911
725973
7606102
8688047
410774
3477960
8567416
8922827
8960745
4672101
4563076
6342615
7589577
5858020
2109222
8788281
6421950
8110010
7076176
5728893
8157514
2369375
6754613
3020267
4154899
4046139
3565747
7984952
2272886
7577200
2880075
5245321
6091978
31391
1101703
3303386
5393539
3996172
4006252
3444351
6489450
6640922
3226224
9864052
2793204
9476086
6162514
4424640
5505257
7212455
5013581
376412
88839
1386040
8499358
4646706
8948609
2399030
1208647
6257702
4501409
9826920
7176775
4103139
1769149
3379073
2553381
8970110
9673417
5368852
1442424
1016912
2270035
6300493
586958
8233934
2314874
7203989
5555457
564604
3341107
2132867
2247518
2890834
2968457
2674614
6818154
951854
3476057
1596210
2564001
4040032
5766736
4233357
2840778
5699457
7200757
495126
244549
6222906
1695725
3759519
8737128
9918567
2837477
1349106
5937286
5166767
2650885
6850498
1248564
8387686
2895464
6417844
5100331
2880975
5622176
9926291
8938528
7302767
4190484
2143018
4401419
3844537
3766106
5113639
6700705
6370863
3870771
1051187
1733724
5207163
8222054
7982887
6269251
245275
3199216
7649737
5748469
2193019
4627379
3818821
2201499
7898658
8127520
1256949
535302
8537470
5027420
4667106
783324
4624256
9395853
4715510
7052691
1247450
7081812
757605
5183999
3105334
7392738
7375481
3206672
6526703
1748152
8876040
1307919
6849129
80419
7571860
4614123
562622
3988573
914515
1179788
3038319
266149
4875350
6921491
6150688
7488699
4259264
9005422
5152788
82951
4876100
8228425
7896558
3279771
6535308
1729625
3314530
5377499
4162890
7280760
7147073
5607593
9429540
978555
2696239
5521816
9440492
7061177
8528284
4673226
131480
3758306
6473856
7222589
7570705
5172907
6287739
8247236
3696843
5008051
7662056
1316370
5224689
2840103
2178910
34196
6990621
3647198
8469610
3958410
7902870
3909292
2454676
7401534
8024077
2392936
6919357
7068944
5993662
2284440
5371604
7895071
6329097
57865
1118701
1381870
8659352
8579345
7745345
7906663
6255478
8266200
4392509
9302664
6398716
5102068
4227953
7532559
5788233
2191796
9796886
7272999
3227169
6054901
1229661
6143354
8691247
653725
4730014
3286418
8463360
2536894
5111134
1287794
961349
4214594
2000523
7523136
2672825
7045725
4428329
3365720
3047338
3211725
603822
579317
2535916
269283
630303
1332216
9304639
2882922
6430350
2078118
781573
4143086
6904055
5531504
9548788
7636059
8671794
4894177
1666876
2637843
8148072
3482600
1251479
2846966
6983161
1181531
6851955
3677601
8064772
2157402
7020111
8570141
7234897
1316414
3869100
2963807
9936958
5034984
9675060
8420806
9700538
6750133
519716
5556829
3939247
3209190
9229148
5729216
9548319
951349
1009749
5162122
5802113
4596969
2901244
3971059
4863072
2635203
4921506
4139720
6702455
6818672
8864967
9832444
1427405
1188980
8737560
3087667
9283603
8495003
8827831
8772520
3538998
1315920
1310108
3895279
3941771
4636379
9818593
1231436
5310494
9089414
7943669
5756825
813292
6531942
9443000
5936570
571145
7794917
9102409
962687
7457486
1479402
6901534
8731517
9982961
4818887
8054763
6934452
915244
4663166
2581514
6725307
1529243
4326558
5882201
2547617
6358541
2763381
2176040
3089877
4670493
919318
6044539
8639001
4953014
3656390
4506142
3766186
6677315
9870499
8927877
9338662
7535965
8183720
6479333
8014555
6220087
5776389
2239954
652256
7593030
4914382
9940087
8199904
4976206
7436539
3486353
5607425
1392520
452099
2234085
3414829
2063735
1523121
4317965
3448484
9318075
3754819
8242804
9676572
2584789
3142366
5477533
4232186
947912
5813457
2475031
4861507
909845
6029935
1250822
2765778
5103148
5696
3824081
8001417
256820
4851298
9318806
3132287
9156130
5440987
1098637
5407412
1231891
2754716
525131
7394805
9168642
5151634
3710638
2343343
9065223
8051011
7405033
2794546
4994052
9441317
2086477
3927746
7285974
4973375
1296120
3437927
1535111
59152
5095856
2548790
9243181
3442384
2652243
1202873
3860991
9421238
1013785
2149843
1696756
6135789
9370571
8246555
7870960
8579710
2965510
6169485
9875166
7814988
732435
338196
3883751
2442982
7449531
9337077
467595
4181398
4659191
2478515
3027153
2019867
8310357
6922765
2642132
4577159
697828
7428925
2747090
8782624
9129748
2650879
4374553
3030325
4077815
9936429
9758769
7640140
8640823
3635325
3111412
9695135
6437436
3895089
6611434
7835061
121173
5382473
4946711
8079772
1936831
1183647
4479362
8360573
7662881
4396073
7296044
172706
5910275
9463919
7837649
6874276
3299096
6705841
1016391
8407305
1924708
1961041
6322510
8741127
8302404
2236036
346530
3166350
4042708
5798008
2228780
361254
2767503
4077947
6372358
3776817
3488285
5601280
555162
6292911
6356810
812376
86316
6422635
9317930
2838613
9353505
3304396
2843537
2404659
8193374
5460593
5548558
42486
2995865
2691180
8707812
2129555
374512
1886189
9626249
1087706
7781789
4967603
7274291
3772795
356374
4517108
6835046
4079562
3749146
2265489
5197555
2553909
500533
7128018
7921890
2797885
432108
1339495
1326583
5790909
5138644
8626397
2761348
9147358
6338833
3448092
2650058
1087036
6952582
8755926
8026194
9512599
9433216
515790
1264398
3152523
6802440
6374993
783741
4107184
2624787
4498647
3556440
7523533
8860611
7578144
82191
1722038
9306520
9038706
9966913
2420493
998811
9367810
1720149
9683632
8902012
799159
6642648
4506836
3764357
4526548
7784218
7702976
8829841
3662653
830967
3493912
2152504
1004623
9935682
5889385
3591330
3179974
590224
6448303
890368
342554
9029716
3641170
8053081
8577728
4238630
1413779
4137258
853742
2154543
5588249
7177558
37735
7154812
9922028
9688715
2463751
6555781
7712658
6341181
5432010
104914
7383943
1952193
4066019
9260901
5882894
4875018
6861253
6018558
2209874
4913403
430512
8760927
7401900
9596591
5246133
2638606
1577284
4978128
5690349
676929
7297421
1969403
2308523
6599149
8427557
9392951
6383508
4681359
3983991
6170890
1282474
8250161
8141190
8040732
5992628
4891378
2559712
5194241
7717516
91767
9622047
5697189
4105293
7198221
1902883
2632379
3843308
9965879
2250944
4101611
2465341
5033595
2266061
3373661
9201486
4701993
1783576
5816557
96195
4590462
7359799
1037383
498327
6681407
2537466
9550640
837989
4861676
1886145
2503068
7088438
3823012
7732429
6180725
135661
9777441
4258711
5394305
2829880
8635076
307962
3871269
322985
6801438
1329871
6897538
6474893
1069514
1565070
4481231
3392892
3871872
4356837
5763637
1414632
677406
1036733
791432
2880821
5899489
6591829
550273
4931540
3377852
7892810
8350004
6683599
5725309
2721731
3383450
6977586
654464
3506900
9312269
5769158
5755840
569353
2872026
6096627
9380238
1382372
7548831
2683865
1042773
8666386
9807204
3430599
4682540
9679819
8088530
2349586
5032647
8095135
928113
6482082
1190813
8918829
6099405
4342430
137946
1671779
4675485
4333707
1738723
8894792
2112435
5440178
4698355
2066245
7229866
8372918
2949369
7588344
4286791
6799697
1510961
7025723
8178847
668871
4671618
8845401
9112460
8743654
7181371
9592040
3936847
2245380
6148153
5070084
4921940
9385565
3829982
1710612
6781037
4778603
8179045
427716
5423900
9264337
9269003
2167991
8496698
7863337
2772967
5230141
5194932
7127725
9144975
9540857
8157692
5039576
5019754
9168385
1559940
7898415
7394773
1333427
1149668
3428081
9003809
2661362
4051539
760878
2307361
1368675
3247794
8124541
4877288
9792733
6452369
3792761
4946300
9131637
3554636
9172983
2523719
2451939
8944501
4379933
3108763
4635539
8952504
6620348
4062494
368837
6341844
3902426
289314
7428626
4487575
5663407
7476377
1198420
6862886
3919990
9668240
9583416
8648944
3014195
1794924
448614
2515892
1296443
3620553
4566691
3724388
8711175
8837049
184260
245075
6304535
9279184
737468
1273961
7475988
4800343
9864869
518398
6517825
4657481
6420556
2888846
8295677
4514503
3113033
3669719
7315587
4795005
2768004
3724847
3061631
548536
1432361
2265371
2826889
1160775
6294939
1050683
4728653
4686257
5002442
6039047
884292
6216326
9430347
6622676
9498713
182858
1564533
3443490
3416524
8377496
6855242
9655832
8194683
896674
591556
9486303
4761899
8808840
5574296
439995
6790824
8421688
5827720
2086594
9443572
7669828
7282262
8932456
9965313
6881244
3755764
6583403
3372743
204563
6485278
4880674
6390379
6553021
9086942
8180988
3321174
1973901
3120077
407448
2620448
1576795
4899883
3699641
6788669
6251577
3885471
4455107
627468
92856
4609722
224919
3710957
6762176
784970
2351710
6307305
4193989
5676061
8064528
9276442
2473632
6789733
546065
7148062
8897955
1663310
7955160
6910321
1664146
3002930
4897112
6059923
8269673
9729518
40555
2447935
7103406
4053916
3921518
2393785
8522029
2620933
7476388
2825391
6553434
2646390
6763002
2528376
5802865
7377771
3403868
342283
385635
210247
5488325
5640049
6154331
8402702
6675516
7062747
4924918
777135
1296191
873761
375515
1900415
6769445
6918281
5788490
6179918
786855
7883201
4477954
8337698
9567559
4094547
1108704
4824452
3220033
1412827
2067480
6008012
2847598
3267880
5355597
8088750
5223119
8588335
8560586
5516281
4687567
7112516
567952
6913980
8994262
7527391
1471672
8592566
4905963
9014445
2088305
1580980
4087434
8567592
7609424
3592248
1369379
2597122
9594179
4855998
9909386
9735551
228766
2347640
426135
2231771
4783959
3565320
5703978
7686512
4974140
2927852
7930158
6436604
6048649
7632411
4015475
5026982
1953512
5380527
5365452
8109232
8402287
7614733
5833529
5601615
9035168
7059895
4319545
4506885
5092653
3140297
3858973
6521987
8432213
4147183
985470
9748461
175917
1410994
7808469
8839515
1940998
7508623
3339194
4245265
6006097
7161118
1406943
83447
1254656
7784655
1092935
5082366
4212511
4068904
3421896
8740974
7875492
1344663
6260179
1834062
2669152
4396845
8786943
1936081
1867740
9674260
4260183
9565202
5586265
5523375
5842074
6059650
8029756
2441957
4783538
8894127
1403170
5016344
5559403
5560276
7413153
8577095
7793594
337451
5554953
2299609
8801646
428530
5486329
1529632
1058810
1918022
6031531
5473952
8546582
4340146
4768236
6731629
2972214
4566475
8051850
2815913
3849204
6517002
4662802
2162956
995647
7295240
3232585
745012
3668513
4514064
7782815
2719177
2849059
4463513
2080173
1915899
2816657
2244878
3043189
1332515
8445433
4115893
9095593
3088194
7404151
4607291
8981721
9427409
6304033
9375358
6863730
3553338
3822656
7561985
8529518
2892018
8831510
1553032
2909332
1849526
7901939
8524035
7769827
2593252
3256923
3257178
4345157
4906329
7339016
3892683
2857171
5477371
6864810
2345046
7927790
4807755
2543186
3026425
7495216
4831053
4384322
6648997
5362830
5814866
5120125
5317432
9171428
1966492
5248774
9025513
9532016
3523744
9661972
155331
9910252
1870601
9299586
9335709
2676133
3034600
5517376
5883927
6345652
6549085
4865280
2672323
2287026
4850881
8057276
5139343
3308255
6458935
5920912
4200376
9950864
7291589
7456251
3926788
4150956
2254572
108311
5118283
7668550
260136
3819899
5561242
7079533
3937850
1380394
1569111
5085153
6144894
7697627
4166654
1480986
2265525
1382285
575067
5322842
6332292
8299121
6976263
3179922
5340740
1690349
8932776
417631
6143440
9081844
8359516
4710479
5368997
6946525
9983073
4543381
5660466
7978426
9579455
7141257
2350943
9490202
7480705
1833610
9593114
5158634
6517132
5761008
4029484
7627503
5885599
5818086
8081952
815897
64824
3959152
36593
5774433
9381674
182094
7809594
2988680
106652
1100749
9750921
4495191
5171012
6410798
2760809
4418220
1023275
1393668
4427706
3676209
1344996
3433293
9735745
8495896
9896626
5859775
3873808
2962334
9856555
2692695
2771586
2109861
2449610
2178072
6821542
3458934
7818876
8805178
9496723
4455486
3564732
7476008
9786206
3876753
4594538
1717227
7550949
7562486
2462312
3835879
7292955
6648661
8750616
2642080
6854122
8630366
233557
184370
1255064
4143798
6900864
6128165
5796494
9578634
4853659
2816375
5052950
3379393
1698035
429327
1814960
4084371
7017690
3729365
7039453
5493427
1389994
9118965
469614
9663145
7487426
8747231
6737804
9220193
5706786
9376906
963469
9582512
4106209
653366
4609007
8144542
4095727
1165089
1044076
1339953
7923656
1451638
325468
4488832
7782222
9530653
6663881
9713262
8261424
9252546
4076131
7612638
2158606
4700838
5304471
1080059
5767896
3912182
8128392
9762249
9536563
2092440
110905
995258
1855554
1404819
9393522
2896949
5881618
3639085
9129038
9372224
9438332
8510510
3125379
9857141
9899254
9093462
1206668
1285246
3993734
7343017
4434231
3485565
943942
5749527
1395990
4717300
8520163
40057
7980967
8993546
5750214
723949
1153198
5320975
8743003
5946466
4758162
8046236
4276277
6700778
1692863
3191129
2014321
7755301
5695973
4489757
3006468
4587390
8691684
1692945
3394455
6531499
2406023
6652338
3912202
8057707
6985491
6024676
4186527
6373645
7694843
8756412
7509199
362027
2610304
8875256
2940791
7877646
5234603
6835576
6434659
8049925
3932834
6327223
3365226
8095571
9259960
4289691
6330605
2299570
5509011
2696031
9963683
8162083
4187906
152484
6457998
9628952
2083936
4845956
433495
4236984
11440
6701422
1725845
9598426
3784316
9323898
7641414
1786564
5023810
3074232
4551695
2667708
1676303
4786449
7986474
2765066
4671451
303628
2387059
5434156
8130846
2761029
2267147
9215840
1710633
6593316
323585
8762940
1623811
8391259
1594565
7408696
4451877
6719068
3205167
3905786
8311458
6710795
6676058
3879508
679130
7192595
4788837
3674628
2131983
4710372
3985728
5778897
6375190
9888427
2419914
7541823
2380575
4650413
5009271
9503501
4324831
536748
9795507
4848592
7399708
9319053
2668368
7720288
8495821
1871160
9384241
8507051
9110937
2856914
6227496
4548363
287022
7803911
7400937
6550832
277641
4973585
8486261
5435744
5661433
6080212
3074197
9083325
6481725
2767611
222877
8835722
2918538
8838365
182879
4318382
2258564
2385554
1983399
5944837
3750012
7528446
6142575
5977887
5570384
6544604
4135188
3189810
7407855
4827965
1816854
5240536
7804272
3418397
8653744
4693257
9034
9199633
1837301
7368286
2007639
3614628
4455024
8865654
1056651
1868839
5612341
7437205
4646393
7924905
2628339
7232114
8762380
409707
6407421
2541036
9097505
4422437
8560050
3562356
627230
3593767
6690711
4738168
1358170
6050846
8610083
5939860
9848645
6617468
2404197
5526538
7690334
6529014
9380513
9355722
1568571
4597402
123706
8319999
2354243
8731948
7071226
4994969
2376834
6200775
8379147
2750633
2204466
4224198
1350784
9624335
476442
3348557
5480132
1475161
5670251
3015048
4640326
2906286
8228049
9454200
8947526
5484464
1364367
1048581
3330518
9228938
7066625
479267
5406919
5615748
3016273
7312502
8961901
5451341
9239711
1501552
5891898
7394563
4886878
9064564
8174648
2272691
2834076
496803
8121269
126107
3831512
8923594
9255081
7338512
4160641
5125251
577244
1711286
1925168
3038218
9288019
2465518
6305184
5653334
37798
795508
5836064
3053079
690675
4686394
3487604
6540315
9543138
8895275
5692
1647334
7762662
4778364
8946003
7621998
3961781
7764473
8957530
8982468
4354262
8545326
8662840
8785459
1757346
8923317
8185268
3736901
7313530
1315571
7659726
8106945
6837424
8652374
930257
2223863
4547867
1833485
4371684
4573593
9332863
4614681
6983860
4666090
2856570
6151315
91484
5352792
9622019
8875492
9240551
3621307
2588598
3031436
994973
2097215
4445871
3031
9833636
6472972
3375744
3799552
7764619
5844765
9105598
8126901
7633355
7228156
6439749
8887862
6458048
7908204
3549743
39823
281311
3777870
5170541
4728362
9233467
8308423
127349
5467831
2344494
6365264
6662773
6675826
3834240
644567
9647091
1444059
2826616
6834671
9537237
6366747
5523100
4141442
5881326
8825315
5475415
8554322
9673005
4001293
1387401
8179503
2238570
3832897
5402126
6848701
6485863
4068503
6788667
5908943
9138066
9116286
7379491
4034293
3574330
8903859
4385046
284905
4441655
4814291
8721057
9097557
5685748
2696797
4831874
5074007
7100931
5848891
1256871
1821020
8482130
2567160
8004118
9718533
2583576
8673738
3958529
7193537
1852124
3968356
1817748
1606145
2740165
7553783
8282669
5558339
143481
2143839
5841300
2075367
3106263
4254633
1317397
755093
2070901
1620865
6658745
8706992
2758827
7923057
5293182
8061488
1290294
5255315
2635656
8833161
676899
7541869
9701183
9342791
3316686
1563437
3883256
4408170
3124558
8135798
3728271
1369902
739244
6850467
7665113
1146952
3049017
9706405
4718499
1452366
3208857
7277095
1891832
7424164
7280288
5378058
6555185
4746851
7547694
5208413
9515596
4300722
8179399
6598779
5407200
1429972
6855077
4481600
7478952
2451725
3248509
2734462
2191981
6017172
6866974
3989087
7048898
4178392
9363040
8560757
9933475
1778189
6887595
4803355
9398801
114749
9506662
7723910
5300266
8236035
7152814
9550895
4922967
2744641
8667601
4888222
640605
8437008
4303524
3449017
3679847
3511452
6218108
9172568
1971108
9383527
6353325
5081024
155908
784986
9533219
5009436
7452134
8120241
1867520
836885
2584585
3839534
8804746
1172512
8288397
7600733
2579566
1175947
6272087
6293517
9227750
2096101
6176779
6285645
9237556
2692175
1470347
2900675
3963907
2415560
5457166
9323519
4876753
9405646
6202071
1914603
892063
529120
5138886
7901165
2949989
7505636
3493583
2648768
1129678
2316259
4550168
4205125
8905772
7976139
5480979
4043968
9536142
470484
8247492
8219680
9395353
1287081
4838248
9984560
9670563
3355805
6420673
6787366
3295374
9519359
4408645
7107650
7170778
1140945
7550166
7697055
2610260
7472318
6779384
2874313
8193001
9629010
7343551
7099325
4348535
3300474
513845
3178017
6128757
770692
7954877
4420875
9307171
8756072
2683639
1548032
827667
1639116
1089982
2620573
8864596
7555982
3721988
7364414
6498195
6641566
5753557
8413742
3005785
7924625
9329074
8993017
391397
8137586
3975769
9881480
5914848
7714186
5442725
7421262
1200921
713339
6463063
362273
7672128
6051692
6604890
5301886
882788
757005
5814768
2779889
844988
9925186
3910072
5252152
3041143
7808735
8246629
938374
4354315
7494226
9214327
9670882
4106886
5904514
5170055
1321637
9414466
8229102
3649218
6457611
2833233
7564410
6632357
7389370
6778155
8990992
2929779
1698552
867865
7108274
3508826
9306067
6694238
6749756
2820190
6743481
9290640
3828175
190975
9652878
2647015
6862709
7913297
8251401
3184923
5044085
6969644
4769218
4172456
718386
9169986
7000290
3243149
2176820
8165985
9780186
4458832
7010429
8392339
717357
370322
5300352
6690418
4911242
8924556
1067552
9191954
5313844
1043552
1230337
8411905
915131
6870663
1750709
5831280
5202222
86872
2937835
4667059
6606406
8048872
3766889
4957259
2804557
1642918
5242870
3016688
251033
9981501
1410810
816987
1894562
3338420
3967282
4015952
4246618
1123157
6344918
4996163
7077487
7230644
6037039
5447852
3610587
8482297
7791720
478153
1880366
4288017
9309951
2105031
2452859
2836829
9907034
4342075
2236489
8744995
1075561
2532074
8644860
6350082
9304958
2102709
4573666
2131789
2929256
1282380
602806
9593565
6557411
6751420
9814576
9479133
258727
916015
1199906
7563205
8803469
4564906
1229188
5355600
4908319
6359258
5257626
8445136
5356430
6494717
79340
3948045
8827012
1715014
1449533
9874771
2680479
2128749
7635913
5919428
9541802
226779
504762
7642104
4198075
83470
6698541
286846
1900428
2330298
3641700
825927
8424663
6596430
7871887
3013421
8454070
3495823
2988730
9879937
8753898
2506341
4318453
2473429
1232245
6934691
1137684
8821946
8692856
3593585
6764146
8307146
7696966
1739534
1239776
9019575
7415298
8957587
1535206
1708644
1277554
1245405
8609203
3708383
122056
7218227
482740
4493432
596412
6414716
5076526
5708339
8360788
8819761
9158158
1180083
759376
8219433
6126188
4018934
6073053
834414
255597
8736793
8600102
6257933
3517142
4943273
9297464
2463947
1134020
5827246
3972345
3026798
8416843
4873349
3709006
9881437
8194234
2443373
5709828
4188800
3390571
6175407
995333
4960681
4229207
5991808
9596635
2143580
3848219
6280511
9818107
7247112
6586710
290890
5835032
2569186
9096430
3481804
8391971
8338661
7139495
6181882
1994514
7274725
2867901
4824194
2127687
5627907
674993
3108688
5696469
4088324
428675
3591806
5922826
6870188
9828244
3355607
412222
3669875
1419622
3990087
1498964
4710378
4365670
4444420
2818101
7016315
4528405
2861212
1342587
9522791
6128519
4056782
5805537
7277929
5715702
2952749
4422081
3554203
9026694
5293318
1429488
8056882
7433053
5565759
5160458
5088606
253682
3984062
1217102
5853270
9190143
3586935
7023220
2963369
1562891
6389031
2448859
6061686
1634008
9717486
2860522
804448
6420061
7501134
8022145
7900076
9300383
6893459
8124102
471858
9416106
8310145
9015656
6150861
7393999
4769233
5798551
7210466
4506044
8133708
1588014
5407143
2572246
9710912
6186327
8738140
2008075
6280818
7253584
7233254
4276425
8052004
4063617
1884109
5957662
3353963
8552453
3781358
6093176
2453402
1915217
2845340
9010168
820398
3047123
2853654
3058995
5137835
8347397
359717
6977156
5623270
7837405
9287574
3571358
2778547
4844303
9592669
7591542
1595613
6350212
3155153
5359914
5272659
1567700
6081958
2087129
6670713
3901832
6368359
9181401
4235801
2241251
9010625
1518992
460936
1724194
7293275
2361569
6854312
8648223
8335674
6502933
8933286
2545749
9788764
6466114
8422568
1266254
4998165
8096712
2239906
9166242
8904548
407569
3415353
288548
8036445
2618037
9122217
82330
5938258
89181
5659895
2201318
3751134
485173
1812838
8773783
7965045
4248561
6555290
7494095
4970778
4039208
2279393
2073635
3826372
5004353
8003597
8673732
5367984
5217288
5788397
3699660
9658198
1674535
7779348
1002542
9857546
9114562
1269630
1609695
9837574
3914124
7853340
5512192
2389836
7961900
3126000
511570
961004
2310975
6054684
3535435
5212565
1400753
2801725
4918455
5302024
2812539
8633717
8165294
7196927
5148377
7656360
6790934
3169318
3468513
7970144
8967956
3834889
4157304
4014314
3508717
3431520
9979962
9896606
8771812
5444860
6241808
1081258
8996674
2450419
3437129
4448224
2655421
6154068
287930
7357847
6590872
7282381
7105299
7006930
5359786
1179554
1995353
701084
6366656
5514322
2412038
9669485
7494371
8216406
5029890
5891254
2070978
5896216
4772156
5810760
7298656
9889881
7206793
3506297
3928477
3670030
8657806
7069175
137901
6779404
1051812
8310847
1355934
6370150
8400697
3426287
9856125
6048196
3079877
2567408
5544745
394515
6742954
6347963
6603984
3808587
4668507
5536830
2038404
4704063
8360223
8668665
3561867
3989298
5821409
5788865
498094
2067359
9724726
1749054
9496990
223666
7636284
7065021
2801272
1992808
6064426
5006850
3752652
99636
9918409
3933514
3688156
9194209
2635231
8645041
8018096
9524062
2255867
6023557
8380740
4760261
4350382
3062769
2384337
5928192
2002178
3033111
5683865
9665198
5871165
622149
6754293
3016259
6221892
7496431
9575463
9226545
9174215
675199
3970638
4709468
3126702
9023672
9144362
9185222
6445535
5777955
2575680
2352725
9180573
499526
9006964
646615
2709439
4371476
1887995
2947748
2191170
1002717
8215675
7461766
4011912
3151950
8111085
1338721
4047894
5071757
2452473
9891457
2534126
322425
5124233
7286797
1138637
5306173
322083
4814196
9200708
3548626
5018743
2129811
6570667
5966235
8905214
213192
896180
3220730
8779938
2587404
9791648
3741937
9731049
3796636
1969983
7378147
2780203
2049429
9745855
9930432
3550036
1391666
8469175
8818083
1341935
7819253
7312803
8511708
3292537
2791100
752211
8845348
1868958
2917780
5226252
8165772
6181613
9382998
827069
8190539
1397435
4514067
44706
708985
6983818
145850
8648621
1153447
831716
8532910
172106
3923512
5985942
1826671
2897133
3570137
6536894
7262839
7248919
259769
5729654
526201
6693771
1535623
6141988
5022095
5742302
732703
82504
3391304
7935947
2752817
5206353
5517717
723127
7761811
8113152
4590122
6563601
2002116
3321949
4044886
1864002
8363769
8346223
4448251
6519299
446161
4818616
6925600
6737001
118275
7152997
1223311
3901873
3760849
7518497
4512933
6753668
6302743
1281025
5690719
1098178
1172596
1271568
5823306
4391493
4389238
1561147
3335457
6680698
9184119
8544977
8942252
1839270
6337629
3133506
4911418
2278020
9148979
1801621
2351353
8493338
7270841
154004
9203677
1062869
2874234
7413281
7609838
7278942
3185198
120787
7235913
8629737
3088806
9209858
3380938
1328736
2821457
3309486
3866122
4306189
9458996
1185901
2772446
9153537
6299089
1901339
1229701
840469
1226194
6050637
711819
8584923
7652235
8555245
4303984
9156995
6790738
1920057
7780606
8844744
8081430
6087306
6372253
8151972
9416084
8220900
8691406
1554161
2376988
5591882
8238323
5154479
3277805
5451744
5520015
7893058
1138503
530662
5011233
9772063
3023005
9473548
2438385
2256495
8294692
4678754
5464850
2323336
451440
8678713
5929624
740173
2091615
4793496
9977868
7998279
6101662
4936691
3723077
8797953
4709091
3199436
8166774
4359745
3117641
6115006
2809047
5217552
8803070
8024043
3459785
276927
514192
7214833
4931508
4238566
9414803
5095563
4192349
6169532
59745
6108563
2495577
2450552
7008635
4131622
2620610
4994837
8509636
9922593
3916975
382246
7990388
2067764
9956590
193725
6294486
477883
3631535
4270194
1177531
6177755
1597211
7777415
104531
2134573
226853
7946624
6953746
8620075
4704994
8669646
2634153
3456150
8231781
8371331
6742791
179277
6087069
9994306
1364062
8804824
7646756
408840
8780071
771239
5265856
9857573
7852826
7390663
7767752
8198045
4188714
810306
7856622
4923519
4217138
3523794
3313876
1574844
5694579
1197394
5229095
8192529
5646489
8431133
8237394
2037878
2354065
1497048
5657012
7175125
2855539
5067988
3404618
6097310
9275823
3263498
9089624
5499674
7903863
951218
1595396
8060391
7980860
6879195
807842
4300673
1747008
3873727
1043500
1127789
6432881
7358493
9564827
8054536
6986676
6620439
6434291
9199861
9343758
2285729
6815694
1200993
8183227
4058758
775673
2797513
8942257
2614624
6393792
5847002
2433278
8528963
1113528
7297929
2898194
969517
1340123
3539474
9458413
4723818
6206237
5388933
2047007
6373359
3502811
8825467
6979064
4840253
4683349
1989617
673458
9943744
1536725
6004057
2693300
1602697
9218823
4089811
254842
853124
3306287
4188661
1859284
2503206
649914
1879886
5362311
7488527
3012775
1541434
8349327
5210126
8303046
2564135
2438973
8271052
8881620
5788560
7206158
3487399
6055587
6491981
5325244
8575270
3890422
1967511
5149489
103489
4900846
5389252
1731777
4783937
4871955
7849006
4782507
6487837
9550014
8745413
5456901
5246569
848129
4360844
9736375
6373508
6648742
7697292
7207072
720343
5890577
4246152
5938474
130756
8569203
9892084
7810086
2990042
6492967
4434085
2190106
8388486
9602922
4010976
9722228
6600777
4140315
7622730
6937738
1661715
9555323
8014940
844756
6614412
5972145
2879711
3329338
1272409
8755998
5992922
5701424
9595661
2121085
4333372
2265533
4899142
5702756
7195204
4981898
9307803
2623991
9365301
9628922
6326795
4809554
3745662
8896829
1830482
3286858
8843651
8797352
7375029
3602550
7681320
5783381
9545906
138380
9565113
3759747
7658225
4924969
6704024
3901350
3998423
620193
1138783
8936956
493338
542369
4635780
9772798
8424211
8025921
1308703
4942047
9823597
7437953
5206800
8573689
6813521
8646661
7986647
6470089
5712559
5141468
620348
6871506
315119
6683573
5124660
5302512
7934293
1117807
5541523
9145602
639382
3922395
482042
3264116
2262
7532233
1446816
4794640
2546403
1981292
6052471
8655637
4270709
7297025
9634665
684465
5727419
4443390
4183877
5102860
2713875
4354871
5911013
702250
993271
8333296
1808661
2343923
5281253
9992984
4187274
2063064
9641576
6951466
961372
969051
3332370
6647654
9761180
8276224
8009340
1601393
5687636
8101338
5595438
3693375
8220265
9576540
8928662
6986319
9463149
5227487
9308734
7593997
2272784
1094303
5154822
7728011
6064964
9399121
8077586
5936182
1676973
1128177
4573119
8061903
9082164
9433330
6951273
6218918
1480120
5905358
7042717
6037538
5656241
4215767
7766998
4201288
5698776
9658736
9096963
1366693
8729947
527195
4492510
6962755
5359954
8553083
1737661
3065473
9156865
7882778
7139653
9125698
5097276
7153736
3439835
6339401
2562741
4053132
6624142
5068510
9623503
6160956
2689297
3418596
5173374
4754097
758899
7826365
7774649
6769218
7995755
5251260
5624462
8401201
2984244
4107351
8570057
8937376
5083673
6538363
766013
5954077
9574481
3190557
4561983
2318264
8171014
1682127
7164530
6052657
6588483
7502942
5164340
1424815
3595934
2503978
8555730
9893850
8132528
723453
4286765
395933
8015746
5124250
2626194
6685758
5813479
1928122
4646951
6837490
2402459
9796652
1988477
779995
52817
6742174
4443064
9008664
7647896
4006056
1624318
191660
3336729
3147306
1130824
4617590
1291296
6935138
9275998
6262499
4637380
7149226
9706278
2961190
1665358
5877050
6862166
62302
5118635
8923436
7718543
7205861
6759782
389482
4958562
9870633
9667631
9538516
9036277
8779199
4716624
4670571
9818515
8454145
2644380
2815893
7982174
6282155
1550494
5278907
3983733
2434389
8513495
4208612
5513149
6767974
8062672
8846865
6745014
2094336
5786503
1189303
9642015
1866286
8750488
5743420
3950661
3594408
540812
4865471
5042514
1465609
8838426
6699881
4691050
7516388
3819877
1033530
791997
3569552
6046123
8779849
61825
2859846
3177781
4135344
3202989
4979571
6555374
8649697
342386
8411465
5492387
2280940
6545982
6463855
9529551
5923954
1680153
4708353
9797015
4741167
7930693
9574653
5745217
2580568
4488002
18010
1058519
2686492
2445549
6660754
2254969
252022
4416848
8261086
462322
9517548
8324081
4041577
4074020
6519580
9618770
8037677
3224599
3148754
1964047
4871466
6028146
5727824
7907978
6979303
6116712
5721229
5352931
3073250
8078565
9850934
8250958
7980208
2454169
1668983
5929966
1274143
5194917
9185209
8929367
7486843
9579716
1153132
8835500
7036564
7319611
3810808
5493641
1202741
4331870
9076526
4277071
887231
6215071
4538194
7626739
4152397
854225
3631411
2536611
2972412
3970932
1466973
8831937
1715172
5663434
2350418
6864588
1317829
673033
3776877
4129623
1598074
169293
2465235
823870
9168173
77881
8891666
9769577
2403602
8622207
3446237
7779687
3772555
7036348
7806032
5715707
6594228
1191976
7930235
8813342
2220348
6968319
5547735
5509008
1690564
8789535
4575323
5135776
8182233
718092
7138968
2053765
2566619
9122313
3289923
8236535
1534523
9582213
8979163
4515288
4377774
2943020
3555605
8782923
9969286
929429
3297281
5885454
2669779
6465247
290873
2997856
6226545
4593066
4224201
938873
9539347
1228064
7272200
6015858
9540298
5993650
1977978
3567399
5950690
9655866
382344
6011498
2037657
8625575
3466017
2511770
8964595
9321041
922970
6355405
457948
9311703
9078804
9667373
5600846
5317155
7782433
7242133
7094930
9764533
921817
7567472
3005708
5918559
970825
5410658
131653
5301750
4722934
6733688
3932553
4364196
1636656
696482
9148214
8325332
740220
9770810
8584187
4131308
2493197
7774845
3736261
9453806
2996971
527067
3917986
1478160
1603182
1318954
6059530
1579797
8213459
1177388
2551531
7479136
3218632
4897515
2870909
1572479
4239367
2888696
677580
1084154
8672880
4403393
8122618
4098637
646558
7167365
3611672
28183
88695
261616
9750143
9451959
3477775
826454
3969779
2085959
5185565
3218824
5209687
2570812
9742706
7111298
4243987
9861833
136526
9674214
7825231
2373000
1717162
3204915
3069814
1843354
196654
7508511
2964263
2072908
7156002
5884660
8313133
6355089
4288659
1642371
3433939
7133090
7056087
3897643
1333480
6729175
5119283
9624167
1916026
304523
643383
894409
1409096
5561172
1078898
3750228
8293930
81015
154719
8425081
8257103
2853080
9420479
9044826
6900448
7785135
627790
546069
3138458
5400801
7150532
396816
9530806
6884212
4018122
705101
252016
857618
5156196
5927951
3131765
5998045
9986351
5296223
4762536
5980974
9716411
1506574
6731674
1854140
2579577
9725562
6864193
1168735
2731587
4033168
5855138
4023747
7389299
3823828
3431305
5744122
3812828
3668022
2144112
519266
5023432
5409454
7352375
9496265
8118712
2737218
6247527
4492034
1681140
5025836
6105021
2251347
6499528
1583115
1884470
3806445
4356770
9032868
6118463
5679695
2020609
9736406
8971719
5271377
1098669
9092253
456360
544936
7941740
7209415
7781709
5903717
3908129
8924765
1606526
3271722
6914289
8113538
3477459
6327438
5224976
7529086
8063700
3441653
8516563
7745905
4719188
1977140
8658774
9979056
4131239
9687181
3564793
3637432
9734650
981977
4603099
7804291
671229
9801283
9485147
9544994
8500035
9840531
8032980
7336227
6579823
2920685
636219
4657035
1465190
1648599
3416904
8611227
8405717
9810192
6633437
9411842
7876620
3063288
5759508
4413818
1932475
1438805
2283380
3041708
9650492
8924722
9994633
6936244
7838366
559659
8717025
9971423
1446785
1906751
1859940
928257
6606289
6155135
7277479
364713
8084361
1611917
1453504
962219
9743445
3170797
2479221
3699204
8646031
8344763
6771069
9496594
8098887
9335929
5532414
1244267
971602
8153183
8897305
8232816
63168
1869656
8383835
2201534
6110291
7097924
5034183
8026502
9723202
8382002
2335832
2420163
4124118
9633725
875476
3649658
8510502
7743991
6616939
7088597
9359477
219742
8020793
2239666
1360810
4976757
1119288
870998
1100943
1521255
2171484
4912467
1606856
7931647
4357746
92017
684349
1288238
4221918
209973
8954251
5498102
338417
2689732
1593246
4474144
8204897
5055278
3943105
3531835
4416461
1080402
9478799
4725678
8055625
7787815
2899207
277618
2091983
5821320
9373689
6639500
1654641
1013790
8077771
2081048
4588180
6304271
4573498
8576571
5737670
237112
5954771
366713
1695594
2633731
727050
362484
9969099
2544826
4883384
7617468
3857244
6689804
4553403
9615007
4465928
2010117
5094817
9851072
4706683
9578124
9474088
7134428
7567997
3835910
1738638
691725
3572310
2078857
92210
2092340
439880
3493620
1598621
1369924
8391935
9080926
5556055
625043
8441884
9713353
6258635
2820935
3670898
7372290
7861576
6367003
1650602
6049800
2858170
3881632
5938160
63817
4857338
769493
4421625
7681931
5120424
3344225
4338482
4766442
7199369
9662399
2705571
81884
95039
7863602
8752194
9643067
