33874
143390
147050
264925
310692
362716
771040
846258
897404
983513
1042433
1118371
1482443
1507218
1611669
1660200
1672055
1754705
1962219
2009211
2080390
2112179
2308535
2533731
2809703
2842789
2850856
2927551
2988253
3029174
3085679
3087475
3130063
3286881
3317109
3411204
3475992
3546213
3781868
3838992
4052604
4153536
4208524
4305872
4384205
4413856
4615285
4642986
4843003
4855960
5020372
5097743
5183497
5271072
5652720
5839098
6023515
6035483
6068022
6095084
6256538
6295246
6322105
6668830
6678736
6778394
6836324
6905603
6947749
6950565
7090987
7152630
7422983
7449994
7818066
7889118
8055884
8114103
8131861
8420424
8579420
8594527
8647144
8762506
8819114
8910840
8911963
9067273
9085053
9085559
9128523
9201487
9206008
9219563
9222288
9310335
9436209
9467008
9625722
9815581
9835511
9874847
10021299
10192762
10259271
10272894
10317260
10359992
10698198
10759616
10782486
10965272
11137568
11164295
11336788
11392172
11490674
11521593
11539404
11563232
11591165
11602211
11787972
11812893
11913096
11969172
12030183
12502793
12695080
12724004
12791653
13039069
13147809
13181154
13220331
13239518
13268724
13357479
13375327
13454956
13483320
13498045
13751519
13971683
14030462
14065370
14217803
14372830
14400620
14459139
14532027
14596401
14698258
14800036
14903359
14928599
14946855
15198986
15228744
15255349
15259609
15425840
15467692
15634596
15638938
15639132
15650266
15692813
15737047
16167644
16407784
16543840
16598896
16678658
16748290
16878150
16989693
17087017
17249848
17281228
17283605
17314693
17377810
17400341
17414944
17420319
17527334
17579041
17672683
17785369
17887163
18080408
18128301
18263767
18374317
18425647
18452761
18468170
18558850
18764489
18871757
19030269
19081977
19082832
19219789
19222701
19273018
19299867
19350707
19505802
19619184
19646006
19866563
19986301
20408668
20633803
20699792
20878262
20975499
21008170
21117502
21152902
21266374
21273722
21522164
21526665
21556627
21710965
21737429
21808498
22046381
22279754
22749523
22844742
22858713
23014837
23018938
23222874
23235453
23367778
23480459
23500122
23651121
23711975
23827393
23978682
24015083
24044090
24185926
24260681
24263327
24602877
24704282
24721547
24924003
24953791
25073980
25207446
25338668
25519427
25652670
25686991
25882074
25950990
25983449
26181539
26193848
26387480
26442484
26489472
26660513
26694875
26783694
26894856
26941100
27214585
27513116
27548162
27632324
27804445
28059654
28073164
28233750
28252647
28349080
28386862
28448204
28633482
28651426
28801396
28836832
29049821
29394179
29516905
29725443
29946476
30223433
30279992
30455114
30593701
30623995
30647091
30723975
30734532
30795037
31034114
31105960
31152082
31182909
31233279
31245876
31258813
31274561
31383085
31496261
31520557
31671122
31884566
31914661
32219556
32259671
32272503
32291340
32490540
32564902
32762135
32781865
32893384
32971493
33046231
33130695
33141330
33165908
33226836
33228023
33315795
33349246
33409237
33621291
33633598
33651857
33933645
33958254
34051442
34201809
34388166
34400603
34431134
34437313
34560470
34586163
34619289
34622336
34633810
34788782
34997289
34998596
35154015
35346688
35445937
35604821
35726453
35753312
35989228
36036609
36243630
36323819
36536272
36580612
36602469
36730318
36742868
36772474
36817524
37012789
37047461
37113292
37123161
37147336
37221250
37262607
37422873
37429524
37451379
37709791
37723646
37953496
38151962
38223564
38566362
38698493
38852837
38859264
38870500
39044857
39068157
39081846
39212194
39236611
39292210
39693265
39711059
39742209
39883057
40061922
40613627
40645101
40932985
41066066
41086625
41240323
41344893
41370396
41443978
41521389
41560580
41622587
41927130
41944700
42140575
42234674
42260672
42535076
42632105
42672631
42704088
43002377
43035980
43099969
43221263
43372350
43569586
43905986
43947600
43950490
44045090
44167264
44378659
44719685
44723193
44789966
44865709
45058906
45131013
45225700
45379674
45484757
45492982
45503768
45687821
45715592
45747345
45941715
46030246
46051528
46189521
46216379
46247660
46281442
46330232
46336029
46378448
46466594
46751150
46765470
46782539
46904328
46919310
47021402
47030221
47032195
47388359
47582046
47717869
47758940
47965005
47972248
48045829
48087870
48166548
48400166
48557465
48618496
48684196
48989367
49179402
49440886
49491239
49494471
49729254
49729687
49735162
49748765
50019418
50500927
50691864
50807410
50816086
50989541
51216352
51343794
51418346
51470793
51666100
51749605
52115442
52246205
52369595
52534312
52653279
52788344
52902618
52994484
53007724
53018456
53091654
53140280
53225540
53436979
53556289
53564051
53634290
53783269
53859077
53902179
53985009
54044226
54273751
54469408
54578464
54609332
54950805
54990817
55012596
55047571
55113837
55192487
55251410
55406819
55410464
55639888
55734971
55783367
55876345
55913985
56061343
56087340
56175554
56248879
56353542
56564193
56753078
57092093
57097658
57298313
57434425
57434808
57675095
57766240
57878673
57921223
57959337
57973934
58049335
58251731
58331910
58349108
58354725
58365901
58463120
58642056
58855771
58915474
59023586
59145283
59184057
59224977
59278237
59290213
59384133
59414476
59435843
59483594
59657369
59817048
59894189
59965758
59986519
60158517
60203082
60233768
60238377
60246885
60251050
60417281
60468488
60744478
60801365
61002482
61081972
61204565
61400920
61506329
61518657
61540779
61662042
61884502
62054220
62170231
62464385
62518168
62664759
62675641
62856801
62881182
63101206
63203139
63212776
63238395
63334098
63362056
63458999
63550185
63607652
63712750
63718306
63766199
63889489
64107027
64169320
64255747
64268645
64352976
64367086
64377932
64377987
64402725
64431883
64459241
64551757
64558752
64706147
64726676
65003397
65045798
65277383
65454652
65494960
65611461
65614379
65672304
65740280
66142511
66239443
66239965
66442896
66525487
66719127
66928009
67107735
67280944
67479424
67525338
67705417
67724746
67774286
67889514
67952739
67981599
68210888
68220975
68223691
68254696
68361533
68424549
68427743
68544610
68711530
68775912
68865386
69015996
69033039
69142334
69277053
69321987
69323143
69452806
69494859
69545056
69554140
69692972
69715873
69808511
70376940
70418600
70644862
70711313
70824619
70871572
70980404
70986572
71118281
71178087
71231369
71253049
71398063
71461233
71519040
71566899
71715377
71743547
71923760
71929413
71972265
71972712
72187047
72217251
72296318
72347035
72483988
72491166
72810105
72856581
72927806
73212844
73298690
73432381
73532196
73577518
73609684
73618949
73779441
73873234
74030536
74040305
74114960
74120593
74152096
74418544
74502694
74545905
74548915
74804150
74807478
74838171
74853767
74999246
75266218
75274257
75294521
75537037
75594521
75611154
75614021
75685395
76074622
76115413
76395498
76657131
76755416
76772185
76832528
76895200
77088727
77356200
77649727
77658868
77774377
77777106
77783386
77784992
77866611
77868205
78019129
78034300
78126063
78303693
78357841
78488630
78599000
78700485
78812909
78900784
78958302
79079519
79193730
79317747
79328457
79420738
79421320
79536525
79569687
79627459
79731224
79869671
80124064
80232022
80638778
80863962
80928494
80985242
81178031
81330403
81333156
81399698
81408958
81529419
81646169
81717013
81754112
81830221
82011587
82266963
82284331
82295041
82333093
82733216
82743272
83017123
83066367
83500208
83781840
83892349
83907837
84225385
84246666
84397019
84454158
84562868
84611430
84626852
84638259
84655408
84916891
84947720
84964150
84973338
85092142
85164870
85287831
85291319
85329338
85425544
85464151
85489871
85649012
85662854
85673223
85721794
85828045
85862021
85989909
86312771
86364171
86474949
86586421
86668967
86900637
86992231
87054392
87073198
87254115
87736540
87829109
87935202
87937420
88161926
88192696
88403013
88473024
88508656
88620167
88636899
88714258
88765878
88863559
88906651
89271018
89393908
89403876
89566736
89587544
89762524
89826308
90105106
90307070
90457811
90719093
90908109
90918535
91000709
91098664
91331299
91421329
91555268
91638186
91711757
91768671
92029573
92068344
92096984
92358052
92402977
92548968
92637696
92791374
92853438
93307809
93319426
93319872
93396943
93448914
93815840
93856501
93870463
93967672
94063073
94151966
94249290
94297825
94311174
94428228
94546312
94657656
94680815
94760502
95001644
95141972
95357564
95440233
95577175
95690642
96039283
96089536
96222083
96235888
96259774
96285096
96340433
96443271
96609799
96649642
96688998
96863733
96909451
96919791
96934523
96968298
97259846
97465318
97504022
97604490
97620870
97796641
97881190
97947715
98036088
98049063
98049884
98155577
98257114
98331792
98354474
98376838
98388217
98477650
98715439
98759750
98820891
98964953
99029770
99037661
99064755
99185083
99365442
99545341
99700445
100012445
100114082
100161475
100276461
100292999
100432792
100545030
100608652
100719738
100791551
100869420
100913545
100970905
100978638
101120194
101139853
101194323
101494686
101507285
101683292
101703049
101717512
101770396
101816096
101824564
101954686
101977789
102009927
102188239
102190800
102518459
102689835
102788228
103064974
103074203
103200373
103207461
103300653
103338790
103630113
103810415
103877357
103962146
103976208
103982267
104019023
104107735
104287663
104309959
104322380
104430388
104617478
104688629
104734928
104963310
105101107
105408048
105838961
105889628
105973891
106181672
106190049
106191169
106197345
106270715
106305957
106316308
106524499
106554623
106666621
106865216
106917910
107151512
107306985
107441400
107564070
107733694
107999731
108086991
108087514
108149694
108215922
108273851
108287037
108326215
108992895
109046529
109146655
109152483
109219924
109245135
109255695
109862506
109894215
109925729
110131657
110179795
110464887
110480482
110664496
110710499
110769105
110804935
110842073
110848694
110888408
110907564
111082111
111140827
111148230
111247264
111271303
111303815
111367464
111388507
111613762
111641161
111887912
112009067
112080340
112086702
112096590
112148177
112168797
112218913
112589146
112653726
112677339
112758318
112773479
113050949
113080653
113201213
113233553
113421745
113871783
113886369
114028112
114038010
114191545
114282322
114381688
114442258
114498398
114630180
114703115
114723094
114849253
114976060
114992794
115036650
115060804
115093835
115214504
115324305
115425929
115594199
115616499
115733451
115736147
115898147
116356661
116434168
116510542
116730816
116732099
116792666
116997493
117086856
117220989
117239580
117245941
117274640
117286590
117353667
117396172
117545029
117610742
117737780
118656844
118684064
118734181
119015409
119039712
119227162
119296065
119480611
119481265
119515805
119787546
120196902
120223476
120281579
120297399
120307718
120487754
120515640
120639006
120812444
120904448
120918992
121354616
121379001
121448507
121740610
121789395
121823691
121986765
121999176
122186598
122215199
122372531
122437207
122566566
122675769
122845182
122931569
123003376
123130074
123224227
123248925
123251853
123259877
123263070
123453059
123466863
123678103
123689389
123708888
123971207
124198022
124234039
124286309
124366623
124404777
124497434
124516468
124617660
124640130
124730907
124969696
125010507
125232346
125276411
125406623
125415254
125716028
125721148
125766285
125800620
125870908
125927410
126135123
126146520
126372480
126569243
126820578
126920872
127032833
127090069
127288462
127319407
127416553
127431232
127621572
127785932
127788469
127820829
127886401
128014971
128053076
128061769
128079974
128083996
128166317
128176381
128290108
128608418
128624523
128626325
128645855
128797421
128999737
129004210
129048110
129088945
129107573
129171783
129263996
129403848
129449715
129504601
129671473
129686223
129697741
129710309
129733646
129736558
129764414
129937629
130136340
130155031
130207124
130502325
130748454
131098517
131211177
131292434
131343961
131461789
131465046
131482821
131537321
131797807
131845999
131982996
132212039
132273208
132351288
132351875
132376659
132484195
132572514
132823367
132887875
132947642
132978499
133044487
133063095
133069566
133075115
133285268
133372802
133507065
133552607
133627239
133657520
134307206
134355369
134476658
134641406
134721604
134863127
134993874
135045350
135109946
135265961
135345108
135418087
135547803
135566398
135705074
135774532
135948667
135967214
136038186
136324383
136383343
136474181
136649507
136656172
136802940
136814545
136918112
136942227
136976697
137008774
137009963
137068094
137122193
137174642
137307161
137431947
137472578
137505592
137554612
137660710
137818489
137821374
137825204
137832502
137991818
138103883
138298444
138329616
138401113
138418708
138518973
138552659
138701473
138905413
138914091
138947886
139043383
139046939
139196662
139607856
139695406
139714428
139851220
139960745
140094295
140165339
140178280
140583757
140699426
140755683
140777516
140907489
141133856
141221457
141255683
141276178
141335935
141637867
141642787
142069865
142087753
142106561
142109075
142166603
142212844
142285555
142322247
142450319
142505041
142506237
142546281
142600294
142967381
143026996
143062189
143067766
143096712
143141553
143218290
143252134
143406397
143476942
143577928
143651325
143814756
143835278
143959443
144101805
144105437
144323962
144552886
144584926
144748966
144777716
144824801
144969943
145064563
145148055
145224516
145312709
145547665
145598343
145857122
146045478
146051060
146070330
146141121
146175856
146189824
146226002
146273077
146477869
146539801
146546680
146550840
146622855
146630869
146668065
146828600
146884681
147003001
147045601
147082911
147119694
147153194
147287401
147361354
147370668
147397854
147580854
147771690
147918069
148140262
148452780
148734442
149112021
149188082
149280461
149355432
149357560
149369502
149483723
149566026
149683749
149734403
150036607
150048516
150128075
150668352
150957941
151015909
151063934
151106316
151118744
151120163
151401601
151434822
151530149
151587556
151752558
151785959
151881223
151948447
152141927
152176551
152265456
152366285
152479096
152578320
152626184
152718566
152740006
152750899
152774097
152780798
152856981
152876946
152879268
152996339
153041038
153087127
153095464
153107210
153199710
153277389
153296104
153337100
153802203
153811567
153873968
153914488
153934945
153939375
154214338
154466520
154471963
154504965
154729713
154772596
154811481
154935966
154942190
155014539
155120021
155184702
155241285
155507298
155592064
155603074
155683198
156143125
156165466
156184571
156272879
156298294
156387713
156565979
156670311
156746074
156818635
156935619
157030721
157139768
157239981
157334719
157458549
157721834
157765982
157779503
157895141
158161193
158393916
158406587
158430510
158462814
158486044
158565217
158727297
158775165
158790084
158851340
158859044
159016986
159301169
159624494
159836411
159970551
160112825
160139315
160174106
160368897
160408574
160423292
160538106
160632333
160698571
160838521
160872477
160926572
161199722
161426406
161809825
161844777
161864575
162346158
162548237
162735835
162760457
162828658
163256222
163259707
163281025
163282292
163449568
163486130
163497020
163775564
163810949
163892484
163897976
163928331
163946859
163970986
163984159
164521611
164829107
165206041
165249105
165267109
165292241
165322610
165391290
165415084
165436685
165670674
165711166
165856218
165941603
166036492
166396249
166402188
166425182
166470925
166495597
166656133
166787572
167005012
167184794
167206646
167355341
167368370
167471405
167474504
167540335
167550266
167565012
167653433
167695123
167745719
167953438
167963030
168035871
168043962
168182394
168390738
168554723
168572381
169337476
169398017
169459183
169479976
169588600
170010733
170026773
170311961
170494808
170958693
171021375
171096218
171316442
171323375
171424421
171495614
171529636
171595970
171596437
171622645
171644182
171753608
171760071
171887234
171896475
171976205
172214231
172239783
172280591
172297206
172324396
172377629
172383602
172390845
172508136
172549107
172622592
172669092
172842199
172921047
173057101
173087168
173100827
173112965
173144827
173204160
173210022
173243651
173263082
173518052
173552756
173618053
173689762
173770416
173821101
173916291
173928459
173931169
173961402
173975527
174027913
174165004
174206345
174208740
174222137
174230843
174290165
174404053
174609552
174633456
174730107
174960609
175079789
175151482
175244521
175265338
175384637
175451177
175624195
175653039
175817070
175922054
175957948
176009315
176014688
176138716
176198979
176333974
176357562
176392136
176410937
176457397
176545118
176613048
176779302
176979868
177001098
177109399
177189187
177206088
177223721
177240813
177269093
177351769
177396393
177409147
177453762
177461804
177606702
177638981
177739560
177864405
178003736
178095203
178126694
178285121
178286757
178297361
178325081
178606697
178632802
178733127
178769690
178790047
178810480
178860164
178939105
178942804
179135634
179348379
179351464
179444473
179463545
179465370
179508620
179596620
179661985
179722291
180455865
180503646
180608685
180699287
180812649
180974980
180988152
181020874
181127001
181774628
181883371
181917602
181985453
182043904
182048920
182159242
182303333
182372782
182430962
182501957
182539580
182541129
182626367
182809359
182873483
182914142
182994195
183112040
183114215
183398083
183576973
183771279
183910125
183928602
184148005
184292372
184460190
184467086
184522048
184554264
184582813
184773819
184925023
184965225
184982839
185224290
185271633
185306217
185360315
186060953
186189952
186227623
186324694
186396348
186453506
186514721
186610215
186708950
186801965
186864678
186980594
187024809
187046347
187069272
187168226
187260189
187419299
187547369
187599376
187733981
187742246
187946187
187972150
188105840
188172440
188201955
188234162
188342035
188394633
188407132
188434187
188750051
188884905
188981729
189057689
189279220
189372902
189425986
189606791
189610374
189659056
189900001
190006486
190030308
190040324
190056198
190127001
190344008
190594774
190606519
190713279
190780516
190899142
191202954
191316508
191318300
191321611
191415754
191471813
191699453
191765670
192196233
192299150
192300424
192357871
192391090
192459814
192506434
192515126
192639797
192654863
192698861
192707640
192970917
193210963
193299866
193361960
193388255
193492184
193606898
193644089
193790802
193812484
193836721
193838957
193934792
194030190
194086580
194094308
194191672
194196734
194244065
194414515
194432070
194589430
194642732
194697724
194803314
194808621
194867277
194884931
195070896
195217535
195430376
195448262
195493987
195501193
195602118
195618202
195799295
195878494
196066990
196203691
196471423
196527229
196541285
196580767
196614207
196657683
196869383
197058561
197135040
197231151
197254409
197527727
197534439
197549826
197591366
197656821
197926960
198080057
198313119
198378267
198464756
198599795
198636450
198692010
199040938
199189178
199225336
199291437
199313433
199348824
199405203
199488216
199619251
199812305
199850214
199856861
199877344
