7229965
241555
847085
1332849
626470
1803732
4213868
289008
846654
2541556
6339976
3831281
8800710
5771379
7387512
8290200
5160638
3784612
5150546
616557
182831
4207477
2746431
916782
1691542
2630450
3969810
234968
3926152
632818
8617437
1282697
7483413
1934813
9821725
86519
1375432
7130433
1418583
8182621
170539
587530
8044871
5242670
9259212
5067635
2877425
8795490
200479
3099885
7349151
8052341
5171408
9630706
1257095
5824856
7928398
1767099
9627197
2148772
7765900
5946873
9284964
5834652
1907526
8552002
9909084
6110494
8802174
2416234
325674
5406848
4943281
4099603
3535620
552680
9149252
8415608
1202436
7977882
735493
8535052
850970
5198920
7455075
6094970
4566836
322043
2707290
3858782
5534648
4175577
7931743
2149502
666075
4147831
1737739
6757051
3967535
4777762
8682327
3215307
3040331
780763
139369
9190954
9505784
1268720
6032896
7725721
7940046
2804015
7705252
1940477
4635141
4156260
7981828
894945
684614
6315612
3356487
3047891
3314514
6019371
9224282
40501
7535713
5649422
1170598
6100684
4827789
5099552
5516128
9485141
6825868
7663547
3117083
3306060
5740913
2348656
4139138
5973689
7388750
8938520
5014353
9228869
9858106
9788665
4134115
6911177
9276336
4015435
907738
928501
3105209
9935168
3783015
4034526
6374091
7633773
5009650
4093003
9374907
3850180
2940545
5703311
6131435
4934500
1912942
6776957
9162959
8234249
890365
5412727
9860486
3617667
7712805
9731221
4387077
111463
3680006
2046381
6059010
9428554
5614755
446834
3205498
3705290
5609932
2009872
7826447
9879750
6689056
9649681
7230211
9386350
3176246
3044793
3660941
5100908
876742
387851
7783901
2231264
7631233
4671504
4445927
6252667
2578089
7067029
8799228
48335
5177105
3956587
4879453
9363690
4158562
2595279
1730890
8912664
7949895
3749650
8534994
6112603
9097938
6416271
5046791
5521304
4302382
6999981
1606013
9115353
9430758
822378
682198
262448
2861473
9324514
8102525
6152685
9931617
994841
2612145
2676097
3635652
7183713
5985098
4259956
4241316
1173295
5432551
1349587
6149687
1262471
1258285
2287607
186682
7452303
9664101
4351369
9686306
5373561
5731625
4232888
7234683
4530368
9569657
7424612
3443762
1665729
1079052
4103167
2180307
7229416
9290272
5003396
9999028
1671669
7664964
9768622
9385751
8639225
3860037
7780708
8150692
1729147
6952928
1526456
1450316
7646931
533332
4043248
928243
1378365
832135
2461574
375797
7664038
3196998
1993752
2128719
7522648
8193229
1318135
6847223
6596716
8148567
1274744
6013286
4865280
6206196
610309
4639059
2574757
88683
9293415
1692618
8059483
5126161
5210056
956955
1220359
1675456
8319088
4640624
8778370
3064581
6939345
8443210
2441771
9251992
2267369
187045
1669308
7532055
6070096
963640
740401
6719221
1999369
8789468
7655536
6038018
5145535
1169973
3881137
8311958
8117400
9312362
440105
3795450
322813
455273
4340762
2315751
7369090
4304662
9955881
1662430
1986311
877604
8218402
3859465
1920202
9832035
3028577
6793228
581913
5589477
4469101
7657033
4134324
6741585
5202519
3316212
1016829
1860228
5288105
6354334
3781648
4884021
8283821
5546909
7669915
7774730
7564558
2480560
1570842
2202219
8248235
7392152
8398773
5602215
1137675
6569141
7351172
2509929
7064916
4074985
1698809
7986346
9177351
7978662
4861519
9111058
1005075
9093651
3082701
3306668
4431445
4227877
4933029
9730263
6366637
4936820
6834270
3748132
1441392
8796840
8762944
7206213
7218683
9041197
1002703
9252446
1975992
1591209
5008650
5257758
6909859
2748614
6473315
7490930
7491161
6746298
8764799
1189613
9815086
8944884
5110575
5086876
5493448
9904133
5142370
3270918
4351312
9946031
7624210
6141371
6171120
314162
6938043
1672364
8209531
9337780
4934113
206365
753699
8577635
3382717
4670632
273974
1094747
7141309
8333815
811238
1558032
8296022
2264267
7886964
2879354
2999068
7717308
5618469
9252360
1165891
238374
3134641
5487307
7305116
2901499
2900865
1157387
9822839
5451882
9002876
7143260
477743
8529405
6928062
2443676
9443837
3346323
4092823
8102232
514981
9963183
4345353
6646743
7085232
890788
2868921
5057395
8447563
3896819
8442884
487783
375013
6752204
6143430
3578984
6309268
300588
8284050
4344672
9988071
5716609
8864371
392614
7353595
6884438
7369641
7495540
8971562
2077251
237072
1686762
8566536
7918172
103921
7153234
639729
895771
8466151
5805831
2086857
6108185
1719605
9487641
7081159
6632300
6217774
4040643
1699674
5573083
7958352
418114
816032
2961811
4057066
7470863
2166028
5153262
5451447
8700119
8798562
3044202
8853189
5170874
3654408
8567840
7943019
4459209
3461685
3363425
3925732
6419706
9456309
7864737
4410115
8156283
127173
7643845
3261574
3064577
4066196
2034468
9496386
8535350
4363735
1157060
1300670
4723015
2548488
918278
360949
4241522
4442574
5162673
168497
8816563
1556444
9048745
9958261
4279347
7724910
6966970
4691234
7221100
3519682
5514913
8304786
5372118
6789226
9805575
3630373
9525702
2001308
9030255
9274301
8000289
349609
3759488
5918077
4577676
5310286
8181835
1232329
6713432
287347
3105813
4320474
3633682
4561742
990163
231291
4759342
9135512
7900586
8187831
5956839
5914870
8368642
9771524
3292303
4927335
9183828
3996863
9593807
3444545
9815647
2049659
2364860
7470439
1616571
9574504
5593207
2444292
5982447
2146037
3034604
8625738
1917778
4338616
9811235
9894261
2273339
6771974
7221696
6883926
6505492
550323
5469823
7718999
8125071
6480939
4450232
7102421
1995711
1327736
7972717
9884819
4798099
1891294
142873
7186745
5294779
2560069
9309255
6171602
9565927
8218157
1719460
6505566
5135198
474589
2939707
43825
8209314
5084620
5066558
6800243
301932
6999573
2141960
1780906
4081813
3927195
5790006
4392146
5722064
6649216
600685
7181995
3359305
8941564
5567289
5114849
3862598
7787249
1672351
7450897
4514380
4985606
4260340
3365258
3560523
2813483
2987240
8344686
6558828
6523515
334580
5883402
6227343
2061223
6310424
9836788
395038
236802
9036492
5874844
4303130
4798822
8232040
4638787
3673312
3567171
5851282
2341771
1941449
5589750
1023014
8167302
3922459
3567377
3353988
7806213
5231537
6652116
368928
4777794
7198057
9788876
2058020
859157
3058462
9637313
8901058
6987767
8555709
9577083
1177668
2773387
6545584
8196379
8797550
5817259
2467899
1978169
6026169
2432705
1856574
8804491
2198898
2008980
7939961
7772254
7575430
3012684
2465117
3797101
8283982
2794587
2132411
288756
3176930
9896506
4761980
6306771
3634242
1663310
997578
8569364
5310417
7033342
7954113
4985789
5600893
8522090
1903306
9729293
100689
8454276
5617758
7124715
1904340
3090200
2174022
6559055
4272009
1260410
5032389
7519928
117024
4199950
5051323
1226672
2492609
1296388
3609125
9187513
1741083
4478173
8647882
2587650
6961373
852549
6020325
3003900
9217138
3661215
6857263
1929721
7242159
4400412
81592
5129530
77708
8173641
2454867
1814091
6562124
5804522
2070813
8681479
3543177
5553782
6707770
3025590
4843680
91284
5721195
9167866
2815494
1342270
195163
6215699
8932765
8838634
2181267
2822354
6710513
2091767
5907208
8780387
6360892
8635748
45843
5062190
1792922
2619365
9423583
7493349
7808356
1424346
6693820
2057316
3291116
1365868
2666978
9151431
1037660
825150
60345
7512745
3802792
4088203
4902318
86298
1840725
3870176
5851161
8705086
3810779
1486450
2278859
1457465
7625621
242750
1872007
6113270
9644655
1095671
5376965
8005514
8717004
7842351
965755
6410169
2924552
4341849
5992811
9857249
1960501
1197586
2553774
3633185
9481781
1827850
3421124
6034306
3579098
7222250
5678943
8884914
4181541
2140109
7704770
1066849
3775967
2405503
3823084
8017888
3301693
3718362
5138266
3049577
4968575
8103113
9801602
9524035
4076762
9315576
9998844
8633642
5203133
9322550
576323
1450157
2222034
8020815
3441186
1522911
8443929
1017281
728506
3473329
7250948
3949616
3386801
7049972
1384052
4368559
2504494
3136080
1475865
5730559
5849105
6434233
1305836
7213928
9003206
8208266
4717488
8013591
4971075
2471902
5197540
3586277
3268959
8400892
1001381
7563002
4873953
3153279
6875710
5094375
6447134
5050759
6662575
178291
9035811
7696363
5559650
3361844
9173804
595510
6776252
2478519
7959253
1913777
4915645
4592320
808821
3138529
872365
658730
2588874
8428458
3686688
7170629
1199060
9133050
6163702
5792423
7693869
4870848
7386209
9891217
4408691
7942069
3321804
2597295
1960285
6566736
5316630
5670063
6685882
527276
8030674
6685350
3380991
2406893
4318722
1350510
4153372
2943874
4676830
6732907
6467811
3852078
3224301
616671
9561621
2042197
5571236
7779081
7560119
4314274
612445
3125012
3427888
7207863
1046580
4786237
7248223
7331367
3314110
7773436
3582411
2479921
5798266
9545820
451784
8145779
3164098
1825163
8795592
6294601
4810003
4545302
8889515
4845115
6301772
8975888
7199184
2110357
1469944
9528529
7883810
9603155
9472587
4139349
9423519
1268374
8545088
4906784
2309756
7773548
7363004
9374561
1728643
7082579
1966121
1496453
8591465
6202563
491408
4168876
6920998
1086220
1788926
9294327
7127299
3503220
1414114
681956
7885395
4885852
1741219
4830403
8012612
2033304
2468086
648484
7617974
5466642
5578629
3677991
1733643
1790250
747482
3817668
2584875
6825929
2564087
3100451
3773241
1687054
2138073
3061611
2552832
9154157
4881673
920830
1331791
975768
2705705
7882930
5013356
8645693
7952330
1956972
9288792
8767382
9731089
4842528
2848184
6815325
2218744
4334980
3220352
8156425
2256113
3626390
4065663
8974776
3971418
7905904
5697376
6919143
8553558
5160483
6460732
593043
6375113
2292563
5037851
326280
6030764
1027812
1080572
3184592
7142607
3405681
2719464
4892790
8581437
5523379
2216339
7380489
9993100
7241495
9893295
1559210
136200
3076477
4130287
7550282
2881377
1276325
2875566
879445
9203024
1882718
4123220
4012682
585295
579476
9821012
4197004
2396608
5158954
7369270
5924264
2754055
3455494
8969240
8521896
9422906
4555853
3560409
8184253
3891527
1437795
404474
1788376
6928066
2350388
8317961
471638
6579397
353452
5142775
8607490
238933
6424711
7490179
1303437
9318996
4259874
9551245
2838771
7253673
5372892
913118
1494172
1963890
3660863
1396363
9710211
1332385
5177721
5451772
1047772
1950719
7354551
482361
3499703
8573165
9251693
7829258
5108839
5372080
3564709
3173269
7181243
1710032
9770012
5928070
6893828
6889720
7480982
5314581
9549431
9804765
8220585
1022807
1902240
3657248
9634600
2866551
6638575
7387184
5330352
5696905
4390544
7880819
118084
591019
3119019
8646799
9327418
4644475
5699678
8278001
1764817
7592421
2456974
820421
2808481
7180058
7644907
3836039
899648
4824973
8193523
1527644
6682484
3042499
485534
3181382
5758758
1466198
9413869
9479720
4354677
4203220
1362609
3139881
8787612
4342699
4988687
3069328
1173349
5910271
3831708
4368087
3915862
637445
5244255
5586431
5688211
4320755
788506
9931499
1851732
5085175
5092667
1033174
9034978
2309411
4799370
7625089
6147099
7046224
5164816
4154542
366523
2240253
7609168
292362
8081688
2003903
2010792
1612976
4085764
3086630
8616806
7953964
8205182
5802921
8918225
5001547
6013435
4491158
7927637
9927088
311931
6666854
4953533
4241380
2945045
1276762
4698322
7331169
5380748
8280975
1998593
855008
4974617
5781553
4935746
5170598
6875352
1884147
2429189
5059623
3039614
7269483
7157479
8338
5563890
8027654
8833050
8422653
3712134
8539974
3466112
9451491
6739363
5876554
6320734
3302638
7059612
9425368
6727618
8826737
1774907
9487975
258041
5991438
8162911
5370447
5788231
7021734
2647049
3875473
3170502
111516
249230
625325
2438592
8568296
5220977
4663256
5658881
6705756
7552971
2775222
1619859
8220674
7792985
9969761
6733504
9789915
8347565
1150842
304794
5027510
817842
7380918
420776
945092
5577483
1466292
9846699
1160188
2857303
5485776
4164089
6304405
1044753
9778757
8179649
5518728
5578601
3356183
8400434
5383498
6615498
3527571
6838342
4276141
3820014
4690133
9517002
3043571
996007
1513704
1548086
6775688
8563680
4721439
5248422
2395680
5069964
6058625
6390530
2166173
5561334
1326401
447500
2569574
3774599
7763620
4806209
6645552
7253686
8599233
6762800
1888313
4553466
910775
6376513
2662755
4337549
7353904
6685069
8034779
5672236
5227892
7337873
8804299
2737981
3626553
996165
7618501
7424849
8443622
6018073
3387919
4972947
1178909
3143331
5224644
4372990
7010036
9260308
5342652
3097520
9460891
6841255
602450
9405775
2180368
593044
711249
4459780
5429258
7112664
8944820
3420116
8474206
9985143
4533923
6813487
7299167
4117748
2784095
2717556
1234712
1010763
4107635
1576259
587504
9542086
5759076
4632331
9089630
3009103
4789693
8386863
9203787
6033351
9903691
6228101
7681084
4847904
1311701
5507708
7795048
5590737
4292333
9669569
4923751
3388368
3855623
261646
6487881
2618393
2119378
2990543
9936903
3153385
7523946
6801675
1438643
8105186
3448099
9454270
8429842
7624761
4958776
4177371
9055229
627047
7256201
3047703
1654041
8660925
899599
2339984
1665854
2620086
9633689
6179256
7207782
9538558
4644367
2426398
6174919
5322245
4570278
4028072
4339095
8527295
9126358
2473008
4574295
2699730
6832589
3135980
3673775
7650826
7601980
554081
2446095
7875285
3032338
6961438
9256571
165236
3045721
6706331
3077490
6557498
4925348
2330667
8060401
7172058
2549040
7606761
5186749
5929507
344652
6259179
8836279
124378
8483622
464769
6226616
841277
9724863
7010152
5569030
2038854
9578616
3424866
4059085
9005067
992266
8537293
7731227
470493
3162236
4836118
3472809
4300162
5677578
6736005
9731626
6320204
4541098
7677854
1391431
6481859
1431121
1660099
7793062
9641126
4540423
4038064
2930255
4916845
7358356
957854
8419179
4547038
7084152
7840816
1076991
1278830
2932355
7798448
4907068
9874256
566533
1283548
6981890
6288365
3316687
8456268
735642
2962109
4749552
4922103
3003697
8994648
1266407
6835238
4158247
4656989
2198960
137677
9870868
885638
4977171
7167260
1692669
3679724
7720352
4361785
1375335
4420471
8487673
4316060
1608154
6834251
8703150
8974683
3305963
2566331
6576231
2177382
6936054
1610152
9606932
9330972
8064998
5737435
45530
6973346
64688
3888618
8270973
8418433
1053345
3668047
8780410
952912
9545833
4548264
5578858
1404918
3674973
8401062
2378644
449778
5653893
436325
3060326
8229322
7729730
1484439
4881158
8239464
5164502
5524677
160009
756782
478535
2183864
5718389
8554899
9179770
7569454
9389383
8384348
5976973
619712
9921221
8895311
6742888
4203479
326367
8625632
4168237
8380169
8925418
3150344
450623
9282257
2296820
4380080
7724110
7183723
3145488
6637185
3171801
7286915
4862786
9792933
1643149
541284
490069
3867490
63306
7046417
5356383
8166519
2390949
7509357
448949
2969063
3202361
3179264
8499801
863002
8719807
9019411
7670586
9113148
4547202
6087432
9462119
6571888
7965307
9238634
1539050
1761172
3912374
2259575
4832664
9439981
5984832
6777114
829573
1034756
3076595
7585155
152780
2081359
4398885
5500903
7700452
8492439
1978964
1632875
5042406
6446701
2220031
3194473
8589639
7230069
9226492
1912408
3454991
7455803
8850572
3801568
2168965
4035955
3307095
7125229
9356005
7957780
1489031
7623638
4209807
8813014
2171080
3900473
8523472
6595914
7011178
8454470
3918771
6590107
6530572
818193
2057455
6334153
6258237
3944671
1641910
1535368
4337817
7772774
4066828
5340716
1325186
8725384
8593075
5629872
7704436
3031050
4649016
7291332
9550718
6839198
3213533
8370211
5787106
4527690
6183764
5434730
7331516
4483927
8443029
6402055
2736956
6360361
7191820
3764892
8779552
9369116
3403744
2280554
7172658
1032331
5196387
9664204
1441442
4741588
9551148
291482
5181505
7635553
8005820
433542
5831512
9741279
1312986
4482214
3027426
5071542
430649
2693851
3709302
7640941
4306063
4052036
3291818
61532
2895557
4340957
7595986
2402444
5374747
3987476
8757340
9547168
268887
109163
6668747
3102864
4049810
624536
8473975
8426105
4850145
6394644
3012111
1416155
6332375
1853077
6473690
7434360
1190806
4778590
7447901
1170451
6014946
5455100
7838615
2815690
7567807
848662
6777957
7536575
929066
6800969
1983687
2085885
1508494
8814936
3819002
5829657
2111392
4803747
9614780
223625
7078860
743240
6584655
3547740
6356131
9622202
6392774
3671164
4510512
9952484
4369479
5539147
3320633
2715060
4382143
4356673
1729118
807163
4957345
7364760
7921521
6283936
1000908
4278854
8897376
7154144
124157
7712710
5469414
436422
229213
7260552
359492
6234987
9968231
9739726
3562690
2632049
3287159
5080104
1354376
6500481
4678497
9678163
2286223
3151354
5997458
7084853
9350210
7708851
2073400
1708336
1175918
4079855
9889768
1237968
1974720
3247273
6812427
1275974
9492667
7010248
8213618
6392803
1974127
2357529
8744824
8131076
3568199
3868846
5234481
355737
9634231
9701806
1834159
218847
5527876
8935331
3399348
9266164
3644056
3929296
424539
1245175
5170712
2752097
3266737
4200200
698422
2614099
4486626
8016178
9010344
2394102
8716258
2247474
9235129
7152473
6033922
367280
6021875
3056022
1294639
2817475
6188735
2879126
4034120
7087404
730812
3698948
8369458
7067376
781055
7561797
6764685
4244309
642721
8671088
9266220
1659473
3551282
9930710
8295794
8989965
9399164
3255826
7495458
2894533
2421093
5535951
875853
9082626
3997159
9264939
4095252
6037255
1163126
6526195
5425476
5516567
8656397
1843396
5489957
6640965
8181536
7081842
6218413
7173305
678896
4609599
2598345
3260772
9319759
2664486
9041473
9370804
678794
3542740
666290
4895061
3014271
9060235
2724813
5365471
6438663
4157738
5425540
5602662
2414214
9092700
4686055
8128205
8156024
6715465
369844
6653316
9061710
3356584
8318250
5206749
7794824
9960679
9908001
4900671
9275399
1137933
3402913
9639153
5603970
5560421
1587415
5353797
8477843
3556905
8083788
7972411
514302
9810169
6258367
5848546
7494060
1953600
3272133
4053738
344690
7603199
1088553
6074044
6840251
2287474
5570796
6899734
5939801
7523643
4254774
4918382
8013107
2428705
9159606
7115524
1012394
4312234
2049547
4848434
3683748
632275
7824684
4820008
520893
7757062
8991040
5883771
3282933
4052921
8608789
3115845
9827682
3173161
9942467
173858
563157
2263935
4449174
7356724
4960195
899486
624959
1156906
6350015
2768438
5348490
5702523
8684683
709729
9828621
7387979
5049118
5491236
8043493
3123634
135056
1145494
3368971
1021781
5095685
2212719
7212736
5852592
3361895
9159052
8954309
6814974
4757520
9398718
8575240
329640
158332
511240
5992436
8421936
2855452
4055755
2149424
2733649
6290824
6868702
643466
311970
5412250
4358318
9982587
4689663
8714660
2978458
9904000
7625852
1358471
6866265
1204193
7763700
9585849
6124246
3818101
257430
676357
6927405
7941162
3086090
8807106
984921
3364314
4873756
6649853
4730432
8382825
1346703
9807862
3215983
5790243
6528363
1083474
1287404
8034703
1892616
6151110
2477639
3607750
4932674
433684
5691443
4075396
2001388
844293
4553115
1450712
7231903
9988037
6755445
2777198
2866517
7937858
9780907
1598113
9530290
4710895
2880382
9816654
4122251
7165964
9193573
6342777
5297406
6675842
802582
3366379
5738547
6059180
7291755
6596567
4229141
1037658
3868432
8508735
8856188
7086650
3145824
6626993
6164169
1781288
2246191
260435
8672158
5940399
297930
5082241
1693158
1029636
9130694
3154268
4376477
1739271
1128799
2241568
772268
5578644
3549900
6807175
8148683
3583929
2017761
3025976
959435
510625
9462706
1440452
2036436
6361335
3860637
7102420
5260278
5736123
6926779
3914019
9219235
7045559
7164764
7377211
437272
1410387
7036204
9760301
6978526
1499678
931117
399463
4847067
3729985
1209713
5873435
5677563
4604835
7470373
9044256
6876672
6134887
3734909
1790926
7836654
6379403
1622914
8573389
5912611
8667422
8507467
1913544
8245126
1749866
3697617
9297639
8223246
2666066
7449900
9430390
9518293
1227092
1965322
233819
7297651
8702794
749514
1668330
8177701
8160831
8175547
8101253
4362694
6576912
9601435
179291
7500261
5625486
739668
1126568
4005063
6289510
9402180
784511
9834640
1940514
7426295
9812875
3885876
9708349
6310981
4087000
2331897
4817712
199049
6598075
4313400
7662168
149348
524892
8700386
9453802
3624319
4643030
7769495
4226455
5554711
257841
3788851
5324149
8176726
4056944
6876277
5547962
533051
4991329
2430996
2741386
7320869
2045568
8217538
3064128
3127597
1515170
5430370
4384192
544256
8366947
4964677
1072316
1168786
3386682
5666004
4902188
549357
5227742
9760706
3261603
4620258
9505401
8980753
7387698
3594554
2644859
131627
6435957
1367623
729158
4266296
3638660
1742349
2702076
3287630
6894774
6969899
2865534
3852135
4491661
5421966
8884658
4927576
9629483
1652637
310515
9990063
8304405
190896
8590787
3766695
4238756
2711419
1247627
9533713
9200132
948051
6605364
335107
6497612
7919245
1351077
7243169
4030369
6147884
9166979
5224675
3697459
1162047
1403405
2219815
7743115
4575608
502864
672459
8739801
519249
5482979
8915891
311227
472120
8780079
6090008
6870577
5240146
7812611
3697501
165368
3335711
6341934
9028971
7199800
6827982
3526117
3655041
7354478
2207422
6936771
7297405
8104885
19051
5800341
9649281
9306236
1576949
9458673
1729119
7068779
5970423
4995138
74356
7120672
1225470
398053
4333314
4500133
9776594
998444
6000955
4561844
8908371
712006
2577690
3917195
3010107
2402096
6914093
3713857
9303441
3947233
1403905
8869098
271165
159762
3731310
289221
8472723
832125
4591859
5418575
3533576
6827920
8589204
9193786
9581252
8120975
4185220
5298538
6093778
9012494
9693101
4663230
6703922
6276047
7974614
9826040
3202094
5736037
8604004
5057013
2528670
973356
5772434
4786289
7145425
1186995
6638845
9376592
3364503
5694830
3687010
6915906
2224928
6697302
8033199
7878193
6830740
5209656
1033888
489067
3107928
8066931
7548128
4770159
4266407
6897604
2850821
8946643
4421944
5738205
1591603
9531764
4959333
6503190
3792772
8645255
6207540
7653922
1079438
4141891
274609
1773728
7490176
3777172
1186864
7780826
881791
4074743
4008217
3465117
5489814
8989077
5812491
7420269
2867577
2015473
3247782
6612138
9361652
1325076
9854574
9415536
6645133
2901351
3349289
6139690
7060425
7329854
4715855
3836831
1781023
5137078
2409820
6550587
881184
9842498
2729597
4942989
7368923
8806273
3618343
2379200
1978570
3781118
8782708
4639815
2130330
5954890
8781432
7954488
9797596
6866990
3609203
2300351
2238197
9846563
8100672
5599612
4339663
7163838
8263342
8508627
6346437
2657825
4014866
2583196
8154529
4474605
1187574
5660197
4269181
2316950
8389150
9911068
4375800
4632459
9622020
4297606
1001644
6635319
9691980
7327573
978177
1930840
5918169
4519462
5476173
9718107
2260500
7125515
9809680
7883204
5803754
6049566
7126901
1117226
9944879
3613353
2166984
2087711
497729
215381
9158511
6282365
5299776
6491360
8756940
7686427
1537393
9505714
3445620
5757835
7926205
7648988
2977332
1765382
188458
4445705
7893234
2629374
4767236
4946140
5538888
325465
5154030
3081180
6117431
7580675
8593825
5379151
5684743
7378675
6405395
1132381
5523223
5898272
7465991
9704484
1066452
3347363
9377104
6579553
6027592
8246661
4398797
4285123
124862
4263314
1426704
7156321
4774630
2232482
3542650
9376352
4040285
8283468
5671529
10070
539642
3730628
2147872
3944537
1925743
3278421
7998773
1286460
8180700
1030281
2773109
272876
7712148
4932264
1500949
1564072
6854741
1391494
2995508
549825
8267361
7942808
1252177
4160642
4155532
5013647
4999801
8002039
581616
1061365
7805782
2076083
7773873
7924858
5326514
993897
2114531
2288170
7552553
2207338
2019054
5563948
9846699
6182934
7783293
7856147
3603062
8500180
9032784
3216854
9716816
9744422
1007038
5069655
2590476
3851954
8311167
6497621
3080713
2925952
6533771
4621278
9140731
9096598
7147144
2793330
5593256
484815
9700806
1273821
3586034
6161356
1308653
207952
4949971
6504406
6585317
8626393
1271362
3436019
48561
1432129
49791
4577750
3039992
3416088
1060278
2829033
3388439
3659492
9913629
3035106
6263021
8168215
2746197
4086330
5427792
7124119
2361872
9234292
2049114
7255607
6023402
1825675
8050279
4623229
3410531
9223510
8261577
9322972
7733447
1276401
7827550
8539397
3116481
5427493
6219336
1808457
3545473
4198690
2647929
1129596
7680600
6268625
2163896
6109114
3409031
4193754
7539318
4978402
3900508
3017910
8642300
2699268
9954702
4924334
1079585
2528395
5049398
7115189
2161148
7325923
2600051
3258074
6892471
3789439
5483734
8257098
3895986
2932497
6246901
5611690
2753274
9666491
2601672
2799702
4852494
5249598
1112349
963078
9014157
3542065
7327112
145070
392324
742962
2281596
4715017
3982592
7172677
6177829
6568163
9850406
2538714
605316
3205066
2174963
5176756
3760914
7072304
6638287
2778066
2050647
1457112
4313771
9589243
5598229
1135071
6933082
806943
579152
1045029
6662582
4765651
4951488
6487861
7863636
5089207
4090214
8498843
2049633
8823218
4724363
1260798
7430331
6273189
8073176
9661235
9318142
1907531
5427255
9299486
250621
4443646
1480357
1135859
5496795
4110489
6257841
6590394
2364791
3187298
1986153
7168763
3118579
3483253
4217014
7660113
3614005
1885808
2379355
6181271
4888150
1765402
6018185
3931656
3250728
8721143
3388019
2474191
5646811
9073897
2810690
7889262
5948413
5067476
1408800
9794989
9773524
3394692
6014533
8108977
6924040
9616235
9009411
7893832
7330576
8480215
488756
157665
9991962
3531684
601450
367954
9486532
3908978
6990877
1361111
3501314
6626777
5434852
387925
6348501
3441615
7607524
6025059
3344114
3862725
2183434
8550961
6286161
9507884
8529578
1542441
3189182
456480
3012328
3650749
5334195
5943509
5413175
2311311
9532103
1512942
4461082
2731429
2718729
8886752
1659509
9901440
2308963
8416248
6122151
542709
5679664
678208
2992132
6214345
4055896
6812117
2530058
9253548
7403248
7379784
8278746
1465149
9095146
8181147
8111115
3221439
9611149
1182527
7096555
1309082
1166647
1864341
3297700
4544790
1857313
7513731
4479133
4747020
9302784
3732758
6863613
2781743
1041911
7239606
1662098
7000435
5329686
5505592
3756519
3114980
8517871
9124159
6552202
5176379
8060283
9498750
6025222
2149463
6144567
3297364
1227144
174777
4032682
8843681
1677387
4902292
5190997
2848983
8406492
5948919
7295204
2963639
5827539
371779
6890154
8388873
7488149
7973915
394699
7980092
7718997
6089487
6431995
4256485
5141062
8907003
6751183
2036946
3097771
6681402
3507179
3254137
1514930
8674527
7153790
4029831
9901204
5344072
6600101
8172942
6046578
2184501
6310381
7315328
7123652
3315545
435431
1366582
9049557
5280025
7024053
2147303
5997349
9903737
5161306
4117909
8653442
9860219
7020720
8817404
413404
3444735
9094177
8222870
4777930
7364139
7666328
7125224
4557035
3414969
3442247
3016912
4269732
5930682
677633
9086396
2068023
9276198
7543237
2543529
1728817
925281
2942575
3813138
6883898
3179870
7692167
4053039
5108556
8300307
4295425
1837483
2761645
8448164
8569110
829034
7996094
7372104
9814892
5988485
205270
2122518
852515
9559163
2155089
8735819
1858628
8569069
8193168
1087457
5831019
7950822
6053762
5406148
6749399
2799186
8198801
5327770
4991309
9879786
3486767
3202285
7369166
9120883
6948686
9371414
2453346
7542671
2007383
1945086
5226825
2933735
2953601
1148980
7894992
2866894
7415250
9242822
7837320
3367592
7667927
2951372
5463406
3966684
7399388
3547324
5861839
6785969
2232805
711941
838416
6411112
6501291
7783529
1811336
9561033
7665953
4916986
9211130
9901569
7956686
3072795
4975393
4563118
1180402
3874046
7700478
3926535
7056831
2496149
4766512
9699097
4574112
2938814
7666096
6620958
3864260
2848021
5681919
7320511
3757152
9806717
3252523
4422722
69343
420961
1859705
3802649
5528122
161807
7376606
4099285
3733213
9173903
6840447
5915813
3447936
7247376
9979304
631398
3726713
1035602
8394375
2264937
202971
3767977
5369387
2982179
2076562
2985246
3547215
5229933
1245007
5649639
1353368
5245541
4569715
6424853
5020041
4983486
8046699
9324593
2443479
8370749
6210731
154455
6876530
1892037
3296748
3522338
7056864
4241440
4562652
5627436
3112935
1218323
6913775
5635889
6032221
5725383
456420
1845957
9668392
58546
6029871
4755359
9520073
2573765
7095646
6986986
4599675
7515743
5103020
3016488
6512952
4329648
7556255
3470255
1686126
522870
1094025
7534979
7243562
7382315
4467371
2549168
1971734
4536180
6550911
2218491
1664000
7415115
7493992
3461273
1581617
6181062
7093254
8331474
9749714
8251795
1918509
9387707
8616548
4829504
660186
3218067
2015228
314582
5300648
282851
3894199
9974386
2214168
2580715
5647412
4696036
1341580
7701278
1988541
5775098
7829492
1529354
5055000
2404048
1954650
29363
3412091
9612911
1003057
8231732
7991282
3756315
4132906
6695285
5083205
8093127
2047013
714161
8024134
4967697
8756139
1054995
5222962
5370294
7240577
7638681
2632570
9728884
9720500
8798256
4654965
4190899
5848352
5152595
7280265
5576620
8020020
9154350
4697866
4569013
4745763
5388425
9376985
4043224
2519157
5962731
9372703
6790614
364832
7121456
7155378
8319618
2655331
8555917
5690240
9721139
391834
1238630
1388481
6156808
1470780
2125938
4103728
2830337
2619223
1580092
8928419
4088774
1152356
406240
329141
3608661
7225405
2021131
7651093
1669630
6821941
3987498
9610326
373375
747587
4308090
2912402
8481417
4837573
388829
1666532
4982777
975765
8156771
566296
2202340
565892
1254022
2228905
4932973
5981588
5089688
319026
6949188
8500929
8766320
4813602
2905196
4574946
6687041
2802524
6700484
8025013
1752641
5027926
1662084
6432173
3242356
6974735
6239092
4199092
72369
3517935
3749413
5327920
7343033
6130531
4475655
7353203
7545261
204960
3912254
5051770
7081560
2061563
757626
560478
6557831
9268441
6155260
7901509
890070
4567736
4133877
1700871
4873459
7619462
3854591
6247757
1464417
7061150
136387
3012283
4197973
5347968
7872883
7092654
7331563
4659689
6058128
9618498
4405733
9540982
3416373
9412710
1576259
2006759
2416042
236610
6717639
1533495
5242666
8593451
7005796
2813205
4108233
3833375
9509933
3277731
5410192
1586362
195427
3794339
3440136
9835907
8808468
725232
2226997
4318283
7407392
2641921
2610923
256696
6703819
6758758
3277002
7054089
6373100
7003864
7907616
2470103
5671153
4289035
1969625
5797191
516940
946301
2644613
9995414
2144894
6417759
7786485
88767
219319
2250097
9185305
6321349
9998611
1036486
8491483
8086026
2634737
2967605
4723748
7097454
3952450
6519478
1567776
5127923
2102053
8165385
6818285
2632394
1358015
2784573
9521476
7838849
7806194
6967436
3457794
7451523
9444977
9577211
8832657
6313557
9679821
4242326
4111150
8296103
6702452
1249187
3686267
9086932
5923469
4266942
1183068
7768065
5350794
7649482
2365347
4630431
1064815
888172
4624418
9096849
183957
8070834
9306244
1536117
9912724
3517388
6084954
6602772
6751550
3416134
7986912
912937
5262899
769567
353449
7023205
1074718
1542894
810115
1676617
3242440
404243
93531
483237
2548620
8754323
1748892
6599946
834578
4203672
3297141
3137717
5309842
6281767
3017799
1414909
5613583
5334378
8220665
6303199
1473533
6882023
4798644
8431780
6832368
9127255
2893337
6687861
6362303
9487451
6264694
243899
3054470
7288296
869611
2171648
2751614
9739822
1801574
2008418
8385520
8704951
2971517
613484
7275277
9619475
5624872
4041490
2477493
4740629
8459782
5691124
6575701
637334
9251322
8756071
8350535
5872519
5326090
8068508
9791726
3658517
2146194
6047925
6764383
7614963
9909001
4724137
9027775
4532872
3034958
9521853
7975989
4008833
5178186
7466868
882373
1085920
7413675
8428949
5440318
1887281
621446
6083935
3446048
3899813
6190287
1630419
7891077
4458159
3083956
2844339
3338681
3797332
4137486
9373746
9287381
806235
2223168
3134299
2872010
3243358
6319449
3614065
8833433
7093383
8147423
284035
6724796
3922776
3403558
198271
4740375
9423080
2868490
9326631
2725175
4316326
1761867
1903269
5442101
9848695
5991458
6371677
8765071
5506203
8809016
5081989
9080514
6798095
9896329
4584926
3916359
6661306
2466208
8279388
4596656
2570301
385754
2554395
7487703
5479167
6616230
9050420
3825065
7202071
1804062
512613
6266960
430205
1306211
4161221
9460963
1899703
6575017
264708
1446990
6940907
5339688
7290321
6416818
2580442
9846626
5835013
6021005
7913351
8200603
458482
4821375
3863646
5915585
6173588
6122501
422176
9936893
1874139
513543
9751439
9592425
2749288
263426
3549997
7112272
1426600
8744907
4850492
8022776
4159067
2396652
6062503
8739959
6777762
5524699
7269235
9763441
581286
7321160
6051355
8329425
9037565
6478185
2485389
3317486
8729080
8798401
5801208
7240871
3737847
1157202
738191
2766671
132849
538380
1626613
6213191
5005737
7214454
3826903
8557970
1684090
6150954
4919213
3852634
8893004
921086
2579668
3185149
1203880
5470746
8054414
5886050
9531651
2470878
7865600
699415
6399249
5219507
2754498
8499504
3324227
5580782
9901139
5310934
1479009
490108
5837815
3707462
3785121
3024652
9674789
4225348
951762
7771424
8738012
1993651
1480641
7771306
9141978
9031252
7953998
9770042
9707035
330885
9082216
5673385
3317941
5239577
3958403
3856903
5910090
442681
9516305
5292096
2451169
4563864
1110984
302186
172113
924560
6907941
4047065
4162519
1530359
8780944
5835053
3608328
7707027
9282275
1173058
2841720
9620486
6467008
8048719
2624128
8092457
4542087
7833151
7728875
8753065
467410
1794901
5383751
937716
9482920
9723515
8001546
3069851
5153176
1199057
7627394
5408914
5881429
7575283
4882299
136011
7524422
7927286
9186106
1761957
4902120
5384436
4283608
7478526
9829161
6486558
7595525
8981782
5814951
9860756
3608200
6631359
17213
9124530
7696716
5646502
5074071
7413551
5704093
2279247
7816259
7731400
5931664
3705232
8792810
6351589
4352837
7341169
3707064
297379
169186
5220682
1992367
3144982
168937
3822458
4533836
5006855
7526
8002389
9002424
4737995
7068261
5688556
1498053
5975542
7603220
8047767
8392552
7609260
4642053
2538129
2239920
38724
6640360
9678572
6803663
9583268
7420479
3378225
602636
2722769
6653392
5393763
4306785
4191473
9622574
8286093
726340
8489347
5929975
8853911
2711889
2285136
4775045
6239820
167887
4663483
5978672
9479732
2080006
7693171
1915118
5805305
5085999
8726024
8986392
1050749
3418689
4459723
2893762
3465201
9541426
9210145
1272590
2233297
5447462
9620096
989898
6395867
6009933
4775229
1769619
5448320
383265
637092
1540181
3179530
7942079
9168658
5003290
3908157
2751770
246109
4252007
5194554
8383685
2405177
1100328
2509626
2145791
3248734
6580811
1176937
200002
5936861
5744856
1223106
971641
5052388
589455
4529113
3009212
7415201
3197919
5986621
4587994
4422192
2443144
3330268
4579723
5805970
5207440
4393784
4116536
195866
5298948
2585036
4394466
9510960
8591677
176445
8528127
8807831
8651464
3397471
2738757
9451776
792746
8822464
3184792
3682434
9043708
9603572
5890707
7041758
9104431
2615896
3147630
5404699
4069201
5298362
9882592
5139729
575400
3152595
7819725
9463704
1753542
6114664
5071214
9074312
7187299
9238830
8281547
210594
6315429
1392907
2428019
5888067
2456346
4776005
5056632
8554117
9558642
353802
8853497
7408551
8826242
2503487
95767
1629836
1014957
3649394
8234082
5316634
6445265
5610303
7544785
6930322
5230619
9923133
6211795
9341935
2296804
7429741
5788144
6374398
9921837
7473309
9969966
177932
7729300
4272
1249192
3771432
3066225
9179759
1083086
137367
8129886
1033530
861263
4767095
2162858
8964524
7813151
9506604
6753568
1938860
5208028
2557863
4793415
1636819
5485690
1664639
9822528
7647653
8007938
3927715
6567648
9646622
1225258
7172187
5765475
7029492
2650045
2149598
4561708
1276695
6912596
358206
6612008
7168401
5654662
6121475
6654303
6519319
6164039
1178219
9701587
8904492
648281
2580261
697704
7608064
7624997
168938
5368470
9972594
3505690
2400776
7670393
6401514
5657254
94592
8004336
6664487
8242788
82344
934998
8549712
4657304
6707777
6049647
6669637
7218733
8648755
1100576
7611557
1749710
7718774
799951
7870307
7756839
3869782
6283031
7276517
8531888
4180267
9002543
5155501
7630314
5746621
62506
4487892
354336
6537321
776797
653167
7903845
7522553
588778
3502570
8374015
1031191
2943568
7772314
5293309
3728984
5420451
6659754
943853
6851637
4108952
8843501
2773325
3997288
6391106
3941473
2146535
5887246
2822313
5575843
4610436
5258963
6968549
8705306
9057829
6600208
7650934
4876437
4469517
4229066
6301197
8827855
6092021
7354633
5410713
2524295
3066044
6859580
7617642
2784174
6331335
8364380
8665692
8243901
8105697
666816
144669
392149
7457333
7907320
9295448
3525181
3473642
279493
2360827
6475236
3359968
9807892
3837000
9242506
9479261
2302107
1561738
889592
180580
6293893
3466983
185466
1406842
9928084
8653018
2488367
7290873
2531540
6147534
3093416
7539962
8964270
4642197
3187916
5308753
6211127
8229654
9727699
707763
603663
125481
1933363
73775
6115393
9614945
955807
6863684
1568859
2993707
8394254
2135830
2936997
3327025
8687747
3995461
5052072
8896806
3723990
9222097
6235418
4991302
9932749
131187
388349
9656555
9074119
5226130
921935
1837079
7960832
1253579
8191214
5921340
6095004
9878147
3163312
7717144
4381591
8997293
7933156
4675684
6403296
2737197
2524534
9635408
5217172
70444
7267130
7975922
1155658
6535735
5070912
4502780
913059
6101016
6418601
6191537
3321383
7007987
6532658
8789775
9667752
2648507
7362453
8324409
8442584
2550829
2356156
7679839
9878788
4359952
1460758
4306316
4244790
5785665
680632
6215014
8363277
8041881
8279469
3783611
5537700
4087815
4539748
6179975
8498756
2646974
479239
3028159
520916
5627605
3109345
2195415
3595457
5369713
475749
6791823
9762687
7738895
4124864
6399291
2105575
5184578
8954070
9150105
9636578
1839411
4822589
6136111
8985104
5284830
6746047
9953959
5625924
8238430
9618386
3329941
4034518
8373907
7783756
5184423
9713841
1946874
3979977
5956039
5169391
6776020
8066132
7129150
8531126
2616890
366023
5606964
663761
8624377
4555565
5228653
2186059
9757600
6364232
1329345
7956294
2505933
6255966
6918209
6844870
3072272
3855918
5004628
4489301
7378981
1534235
8860362
3954557
8046660
6364779
522930
304579
3806873
4348154
4058784
2710701
4006541
8240899
2163359
3978298
8197220
9701011
9273207
3331291
7892183
1744235
9606663
6009350
9689483
3782318
3952232
1333758
8202727
5756045
2945150
686207
1625284
2199345
3799918
721308
9588642
1726796
7239467
4141301
7175490
7257921
3889690
8210484
9650102
6597959
9877503
4239637
5831752
984847
5908870
3430882
5941250
7206770
2837757
4639435
4441674
32188
4008308
3506441
4915023
6223775
3073074
6796403
7603073
5512345
5063522
3260079
3062311
9570791
5185742
4403464
9322756
2722848
2986777
2108791
9001486
2489774
4530232
3399851
2647087
1471679
4012383
5923201
2001620
9465711
9312567
1981999
9093420
1570890
2418522
4965182
9514046
8749562
5532636
7781656
9723090
7275832
7930309
4440717
754497
6992106
4712088
1559595
7655869
3159851
5356424
6320306
2722191
7388748
4090281
2608855
9785376
5318479
316380
1176879
7117423
8169892
4181506
4170445
6787381
5260573
3802223
1578298
2759342
4926764
9625233
8537769
9788879
3689201
3016707
5252720
3945041
8446147
7920082
4349702
1285359
3542779
2511523
6228372
6596608
4747460
9632311
8200347
5926934
777563
8592674
8231520
1347710
8142270
5503643
1967647
7253034
6777781
4660801
3887143
2734091
5591766
3073013
1747607
1904188
2679053
2734949
9205831
4548412
6252507
3436559
1010477
9959771
5643503
964878
4537843
7246459
2388042
8497588
8441783
158476
9156579
6411835
1043043
2739745
5194485
4706631
9540533
7367240
9348786
7098383
6754221
5995165
9476184
4940280
5322568
8234243
9725758
7683384
4197976
9443594
6734951
8607217
4955354
7394553
8309502
6577422
755527
6139640
1002864
4180596
6621989
6160499
3752681
5331904
7027864
3531852
2497501
549301
8651913
4935784
1085841
6168985
320629
6897281
3937058
577946
6343222
7443865
7385605
3581147
4571198
3221348
908900
1940141
3440628
1244365
1581022
4800830
2504715
4370816
8522257
3009245
7835363
1780673
2972467
9951866
22793
8679057
8211232
898290
7412064
8269462
6357867
8028353
991328
7517443
9245690
1095976
7392003
2770298
4319887
2809299
350667
254584
8145710
1358865
4615594
6049214
4415802
7728166
2192281
9638170
3988431
3613258
3994098
383239
306298
3088681
321979
3433880
134170
7080998
7297482
943324
9690094
4854423
8251845
6117003
6135127
5932495
7267086
3377436
313930
1259235
2465992
6414221
6088684
491692
9020912
6691249
6339528
5906097
6590129
740295
4075068
6207046
558386
7200848
2885946
2518333
7519424
93025
6373776
3624255
7307637
122683
9260841
4677836
5776784
85614
1931
49471
1966055
1204281
9953541
6013736
4435026
211624
7199078
9166153
2370340
584750
9298187
2527367
4568027
4839864
1502103
4978080
5833432
1173550
5675631
8797228
6505161
1191839
3063805
9550084
2904594
7383044
9263465
5529401
1268853
3155729
2033786
6504383
5469964
8240108
9192866
7169240
5777120
9197948
5484164
7432408
8559529
2461479
2633639
8331255
6034219
4628635
5885358
5123216
5486080
1077241
5078402
2296021
7218807
5058465
587358
937844
2030244
9349461
380083
4790069
7873190
4225021
195103
158235
4426784
7952571
5467806
7425246
8315366
4540490
1718443
2760451
4834216
7751208
7118614
2520655
623018
8158774
7349668
7407588
2475051
6830694
2046368
1231106
3338138
2794389
6490592
7897152
1414223
6892805
9088464
8584566
6745884
7665155
3630564
1835141
6604565
260657
7977904
3170885
2289087
4170293
2443370
8861023
6953810
8458123
7483324
716981
7781837
5374725
2920363
5935781
71767
6132913
7226064
4603274
2021138
3430843
5261555
7282253
1493733
9790702
2358108
190783
4981505
2148111
1069006
7352905
5106064
7004891
7394958
8936055
3003572
954288
4548485
8004160
4806878
6846740
730521
1167696
373865
189742
4334874
8864824
9992605
3277972
6385679
1893059
2173000
8262563
9512260
7604179
2134993
3304319
5275815
6649633
4320403
7933659
1667052
1672980
97191
2869098
4128982
1578296
9994432
5547491
1818170
8313281
3700913
5347911
7564081
3969332
9329350
7943940
7906139
1688285
886119
998925
1741348
3371418
8863296
4226279
208281
5620930
6434710
340464
1745513
4872303
1788409
6483531
3422988
5975139
6959896
3177814
5501595
7193467
2135367
5138122
875120
6867482
815829
1843496
3032009
8371737
1702666
9174954
1558039
7111823
5632555
2914269
3511936
2163528
7803714
5465648
2105465
7263798
2176371
8642159
3625481
8344884
3672847
8197838
9322136
5454301
201261
7200512
1302796
6610948
7854054
9822654
865866
6097239
7599171
9112483
6660431
9722340
4732702
7352867
6476375
5849790
9935647
9889114
6909893
3984367
5265639
1551917
7165310
9630712
987230
6976225
2223949
9883607
2852622
8450095
5389049
5935916
2532202
4203750
309250
6408362
7111864
7252378
3291309
1298644
2025586
144148
5628581
8456648
6000102
1532204
5903729
6034803
263930
3338981
460399
345140
7289015
4981797
9861012
4904866
4974050
7208826
6803686
6139805
4147130
752573
1570051
6528537
9203297
3639367
652578
9020707
418598
5810893
3790436
1000916
9317667
2282911
4993657
1753566
9916732
1560512
7729645
3316649
3998796
8227206
5796790
8652439
2938050
1768837
6844148
1986678
2954059
4740227
5009695
1855320
2231402
7669208
4876982
5945507
4072875
4776783
989194
8763364
6367352
5392960
9732017
776463
6289277
9568313
7784606
3948428
9597875
8242506
2219779
3171848
722616
1450967
4552913
6321543
1324515
1781878
7456909
6672554
6885578
5338264
3651836
1261269
4911007
4164810
2739253
4063588
6540440
5905649
7617252
4496982
1609246
3085004
3320665
6409006
7790917
6920526
6393981
487401
976646
3411456
7621551
2783018
4347802
6066772
1088822
6032798
6620898
6755494
1118786
8339363
7737807
1915581
3963128
6792435
3145754
1948835
4391631
1251668
9648589
6224793
4238078
7460475
3182849
8487484
7973174
5320950
3483241
6718293
1296481
5080744
2989481
1504629
6146507
2635231
8736141
916648
4262625
7615248
8980497
5434710
5181235
271830
9016384
7712875
4339424
5354068
2149665
964907
6270524
1947832
9384045
3815539
5176561
1803504
8091219
4386479
1131023
8893863
7452143
6856217
4181609
9143637
6151558
5243010
4592800
4752334
9560333
7112269
4098588
7669717
8778308
9166633
858886
3669009
3450111
5556758
2394802
4376544
4554142
5979876
1407842
7809003
3365062
2128027
8883087
8315926
7631130
8581448
375223
6181785
4460507
7083036
6364005
9094140
2424910
7878593
1564298
7617960
522657
2577016
8084693
1813295
4891632
4130488
9692412
1957607
1974277
4810509
6083376
9239550
4713653
4882122
7729563
5367063
6612759
4960322
3949649
8279253
1542330
6017179
6840932
7165658
8226784
3366043
6296807
6200653
6376101
2725929
8540079
2134832
5201538
2216131
8835903
3759580
9324581
9251405
4538474
5416395
9187544
2304986
9903007
5230389
2785754
9147083
6858648
5949373
6534476
1481682
4121295
3347582
3665146
7920621
780764
9321120
2616695
9443636
3777794
7518873
3106874
7619801
1945776
2326778
9399392
4284312
4137759
4883008
3860596
3263661
8458395
61209
1632828
7055874
5710450
2274708
7672518
3912929
566666
7551971
4675959
1243644
7926703
3567322
8392657
9338459
5683812
1613364
5045156
8002114
4089936
7373663
8362653
3157551
8384431
3108593
1111519
7176618
2452426
2188459
8196102
8776636
9858860
7579861
355176
3105708
4951520
1096900
1070374
2822786
4813046
9160522
820839
5871121
9978365
6759939
6315276
9600594
5140275
6137924
3343869
4035684
530791
8027232
7718955
4113721
9245190
921213
6080140
5245231
546867
5246881
6035454
5808776
9413516
4136035
3341155
7422354
4584436
8649419
2330695
1016976
7136378
282263
9538883
9672154
4419792
9891107
4918104
4114697
6720705
4346608
5629347
2617416
947065
2176121
8069506
6615926
6451474
6032729
4585076
8956847
5076925
9247824
872052
1023928
1256075
5648215
1341452
2408583
9473931
6574335
4458827
668688
7965291
2979800
535163
2816625
6069064
2077702
7979648
6478690
3997140
9343611
170334
3127331
1296536
4237978
3386384
3534315
4606998
4790613
2610607
7944661
2246935
9762519
9389788
8811051
2764410
4782359
6679291
6915557
2582308
3189696
9007979
8798000
2072105
156869
6969494
33673
2050469
3493668
1943558
4309431
5782492
2605714
4412507
4508863
3016864
5336190
1794795
4528682
2560988
6158508
287606
6406057
3989973
9200806
2361597
3498839
701042
7000314
2468048
3377757
4819816
5786812
6905262
3984154
6083471
4240670
1959355
5183944
9062936
7041611
2702396
4126480
8381685
9681210
3464532
8591096
8972822
1975693
1770361
2280550
2424364
9718792
2921742
6358190
4661604
8550632
5804154
632372
3523845
2077548
6613915
8624251
7725859
9334883
2662999
2452402
3698820
6364172
9187259
2040388
9282378
4130326
9578040
6285200
6382541
6673710
5840201
2896937
9811069
5756297
8426376
297519
8477361
2602198
8685389
1585021
9567359
2670673
104146
1403895
2009876
7160560
6647734
2997457
3790341
8962137
9695816
9466288
7244930
5807964
8591050
1374822
8475206
3647257
6628696
3312915
4099299
6010826
4965695
728391
3177467
2497939
6257012
9251283
1104911
5972388
5594342
4200416
2371990
3445517
6419150
9727267
7354702
2111614
2487541
4746109
1295041
5760453
8184233
3806467
7957206
4928184
6677446
6845524
7593001
7360794
5938051
1490790
6814720
9066575
3173289
7999167
4897574
7786898
7633640
4247000
1392214
1119289
8058925
498997
7902077
1662893
1060984
4050082
2464386
4374841
9222082
5813127
5357472
6803541
69141
7176982
8229698
9576295
532571
8266710
8992041
9674675
1539479
3720549
7247636
9815355
9659755
4841784
7827357
5816996
6816449
1020795
5019602
1166144
225473
4366275
6081140
1056004
2246807
9262718
4897519
1152782
7667326
549576
361843
2285380
8737618
6585744
9029318
4346941
7005105
7689498
7547445
8122591
9939138
2496584
3026234
6610834
4083025
2372281
9840563
8450145
6553511
1547147
6348679
8729664
755578
4804042
400249
9854689
2373817
5819702
8697198
5754
6006005
7623531
7818500
8559344
644237
5599871
8431931
1981035
5675006
4672614
7794929
493303
3459958
6114926
1618770
8590851
7967115
7552078
8016649
1715178
1700336
5416179
8855569
444013
8328145
2662584
5795766
2439363
8402474
3175408
5550867
7373789
4834926
4972991
9662665
9061020
1076013
4981367
8361014
1871269
3680063
2983645
8047458
1186747
4133292
8583572
2855336
5033394
1716539
1219339
7922968
1909343
9380799
835941
804065
859561
5226705
4300991
3682620
8638709
2824146
8454733
1679514
4507258
29993
8364030
989138
8456068
5334455
6458069
2843936
6588495
5212766
8204003
4917032
7040359
7004396
3828223
472893
4732364
1877155
7859660
4248451
5912035
9295736
1350386
9954076
242089
9117647
223324
4273934
9632701
1017164
1681726
2431237
5849382
9392337
3888261
4904352
4630803
1612845
8102700
3619703
68743
8492080
7170560
5903808
1747474
2717645
2097733
5427734
1763258
7104889
241845
2697438
7245877
3243785
9070235
3976852
6805066
7701438
652878
9773504
6272828
3674146
8873555
2805481
5526438
6618319
8578068
9960963
8011705
1565541
2351562
1137749
1259184
3996753
5360266
285699
7159301
8219278
4990936
6222158
9012100
2310100
6188176
8701110
1139375
2217831
6171144
6395116
9530391
5132232
9624845
4123388
6324523
5553963
2685077
4652694
7873804
101300
4543550
3941787
576243
416742
7936327
8879333
5988826
3325301
9774670
1670192
5736382
2449170
810030
1661076
2214124
3473485
951448
328125
7758615
1899011
242776
850625
8447005
4501692
6000104
6320074
7008330
660726
8723055
6686109
7301417
9305221
9595924
6385594
7277913
1371522
1264633
9612198
4735256
3028520
3312028
657050
8412730
9401937
3440070
8115510
6983464
1063804
1191470
1467150
7513714
4339163
6557446
1823600
6919260
757193
4740049
1158798
467843
8211551
1688224
6979202
6851512
2937259
733507
3292227
8092987
2446564
5481772
9054561
2271151
4114509
6148570
3848766
9949099
3182395
3946656
5541438
957109
4360852
7235729
7542964
9254970
554869
362733
831919
4326446
9879807
2262518
7872045
8303262
6582719
9816781
180182
1671384
7362548
7098990
804637
5913627
7041426
4329040
4032595
1281287
8815582
3128863
5620910
5798217
1056505
1979349
4489440
8502214
7988002
945482
4663
6449277
4887176
3882622
4901471
8347324
4290373
3070666
8840846
8200543
288659
24038
6092883
8641682
5405764
2023392
6429820
2528841
6716373
9549332
2369607
8437689
6714897
7891316
2242450
4874449
1364128
3397979
2797687
7728989
700895
7336553
7948076
6315985
7994326
6656408
9380835
3250720
4226933
9982808
9019495
6582810
3502738
6294314
3513359
4168796
4463464
848764
79673
6020713
7073872
1443534
7535243
1790384
4147443
1017781
1619571
3445799
130358
4716087
7517257
4333320
8419002
4787771
7842789
8258323
5652884
667265
7471416
2592408
2848782
5005189
4658328
3702207
6540869
4154500
6875905
233422
1741004
7445340
3394211
714036
5497750
4480679
7056170
2766842
413387
405907
3760656
9636890
4205453
7719328
2027963
8753214
4369183
8473237
9559010
7354724
3000971
8582892
8208432
3710282
7774430
9158385
4366223
2039932
4572761
6260809
4060635
8788639
1252719
5875956
4596499
5471045
885424
7105490
7417946
2259530
2279479
3353080
6269222
1263738
1027099
668313
2342865
2127024
3954974
2893212
8521754
7059620
5773344
7769229
9876686
6031305
61575
1169291
539052
5027549
6183369
9545331
6827051
1815722
3814565
2249772
6258116
8781330
9534054
1449989
6061802
1991415
4670429
8504180
8820756
3003532
5132726
7276023
929169
7859803
632721
7094308
1703003
1316531
4478683
6791957
316734
7014840
4042247
4956001
6466251
3360163
3530761
9742851
2215687
5594569
3648006
6367229
7846603
8833444
7107734
5060649
3974013
1466117
1347771
9466110
2290154
7423261
1798339
1856924
5438784
5364730
6975182
1682512
6207931
4423465
927999
7628576
2766878
5105624
5645383
9643415
6330784
7675404
6574130
7840654
7986424
2655566
2030949
1882366
3581392
4272348
6654328
7653079
9976664
6189196
3253498
781558
223162
1793151
7365582
3806990
9676902
1723184
8932311
5503494
2344592
9953579
9970994
3473141
1087500
7230934
1447853
7003482
9588745
6972215
8996519
6960729
3147701
5808527
8183707
8142221
8221176
3454264
7480175
2336931
3102493
1055367
3495085
4761091
5810728
8819191
1842684
4482283
2294151
6001481
3940258
2507903
9687456
2369931
8293934
3703242
9036233
2417176
3320053
9071759
9517897
6821875
5397764
1003329
2025002
8757855
2113150
9150398
6990186
5754189
896219
6198926
7568085
9165469
6767017
8786030
934308
5373691
8169223
4949737
1240693
8306390
8091011
8858606
9019042
3662443
2117651
5369833
5337991
247084
2306926
9214892
1524488
3819695
3212154
595156
3737330
8208803
2303530
986350
9032031
5854630
21043
8059666
4318812
7485064
4345806
5490503
7265309
1886099
4428596
3238694
2036978
4240057
6647120
7406071
7972987
964148
4682082
5671776
7016119
7483771
9428288
4479472
9855717
5030815
8019933
4732790
7103642
1269865
4830496
4228516
3147711
8804682
994491
8227324
8007157
2842321
1423420
9594680
4892363
4925523
362255
3035206
2835802
8611118
9945010
4726286
980497
8116932
6574668
9920231
5925040
2893682
856584
5728795
9139180
8808780
1022460
8967209
3678646
884033
2941092
9891953
1149080
257733
6549281
5478886
6333091
4351486
189135
3680419
9532704
2361133
5821503
4607798
4809289
4058521
5420166
1186578
8629066
8073685
60459
7163724
1731784
6557605
7677774
2958351
8680800
3432381
8344755
7853714
2217431
3150093
8467951
7143851
9581777
7020188
7212139
4702632
8533462
1160663
34539
628288
7760284
3173995
7691164
1695484
3063390
6600664
4781785
2128557
2784717
5743167
3189250
241775
7562478
1486375
4658932
830296
926020
6982185
9313531
4183897
5220207
3473019
9056108
2512398
697891
9420419
5858418
6110465
2537479
1109191
6398910
709702
4601830
8588919
4799169
1350489
2321481
666249
436146
9722539
3186474
9730522
1255763
3314206
1103696
9405703
8425063
315007
8825581
7602519
1581937
5948242
3161554
1859869
67774
7138928
8700327
2560605
7867897
9147453
1312747
8352462
7046388
7812912
7564584
3231823
3640565
212526
8773291
9587100
259516
7948904
1843504
1127332
8604759
5091534
2943843
7470050
4425424
8163496
2518207
2075125
9708125
3585776
5518211
8556604
4150430
6902408
9641096
9083061
821380
4475754
9743332
4767443
2021548
3318206
4902713
7862041
2671476
1679769
4681961
8565809
8727443
8502963
6754648
5154245
767922
5804516
2593486
8467142
3498366
4275195
1105615
4251221
3214242
4290405
7744099
1369299
1705423
8809094
869316
6744803
7408750
7037945
1024870
5600652
8902006
8139764
9479483
436999
2867024
5746013
4126092
6647405
7954140
6846217
3720912
9558368
7756091
533870
2975867
881168
4813050
4832761
1148988
7550146
6290411
669612
3288610
8227181
189749
3525397
3740983
2453258
1649582
1389060
6919868
5657524
2970453
4005625
6092221
1110131
8263136
2285251
52071
8533576
766658
2485695
8953730
2102228
9809311
9136663
758148
240842
9775397
3087024
715236
9688486
4250788
7022858
5449136
5520089
675753
9590433
8809842
4048064
4011722
8930645
9577009
6713615
5607027
4387282
6844476
3859991
1712551
9409617
9840492
8035473
1127023
4182863
9720040
3910237
134781
6556876
8554461
5367884
8102178
2330452
1868408
9644139
5978934
5037637
3331295
9963442
174077
652524
5763601
1513914
4621937
688148
709702
8733785
6366529
1690278
4636372
4067045
5891413
1110274
1488756
7774685
8218879
6162850
2707796
3443980
3272119
9462820
1742599
6879763
1476686
4917494
8383179
1261297
1664402
9176770
6510641
704666
3198794
4672583
3596181
264413
4991799
3978463
8735705
1872622
9863963
1372327
8071271
8924141
6723699
4968746
8316462
7007927
5970931
9919696
7150263
1348116
2848353
4224280
1366910
7583479
4297659
97392
3160145
6762608
4278757
1286049
7848586
3548255
3210126
1475330
9201688
5519690
5697095
1009527
9882571
8617023
6225503
7284685
5762734
9429841
4709975
7788626
9162829
2946236
9756083
4739020
5844826
7566639
8756361
8577866
9534520
819393
9767272
8778257
2348715
6504798
8740263
1020848
4510673
2798309
5668208
9575452
1251914
3534086
5868003
5369707
9492050
205803
4259678
683297
1107895
169581
214320
5643969
6674239
4923085
2163753
8801449
3210362
3298404
6744519
9542078
4151253
244266
3015230
1935257
7544724
5217861
8195402
3217067
3142225
2700057
1710041
6767600
9761292
242618
6339568
5221906
948178
2287064
1174590
7197420
4278532
5396586
6535441
6086295
5867314
4289637
1604309
3821319
8679581
2049412
2295644
8514695
9958660
805130
9872
7934983
538532
6392470
9863938
7554933
6355772
9668008
7510041
7727008
795362
9317539
5500040
1893833
7412263
3016987
8559174
7854935
8674534
4432202
5861360
2018930
6632022
8811033
7547669
7415391
5403495
7320076
1206527
7930068
5817957
3290428
8602178
4325334
8725767
5418021
3913210
1436871
269029
9818007
8808094
7516240
280185
1777471
8571434
453779
9929901
2897094
9500504
4255582
8826407
6913847
4115227
4997244
4013144
8654260
741523
1803890
9057483
5892692
7694987
9730611
4919636
6356347
9763965
4489846
1990541
3277711
2051654
7728526
103271
5473516
993208
7400763
922813
5258525
8276792
7207031
6753339
6915371
4286706
1311038
9140698
2331704
5974617
7807600
1434687
3975231
7336390
891393
6253139
8016350
5876607
1371438
5879461
7729898
5195599
2970314
9095054
9965725
3803546
6168886
2262232
8651966
234848
2090704
6366765
8174373
2259991
274916
6485700
4422459
5518110
5234898
3408832
6171811
4780750
1265580
6899205
8068224
8157452
7341641
5821810
8125508
3732854
1749837
4181865
2488606
6625771
8822867
7166244
2919382
2437625
6616991
5133243
4651879
9998972
6695468
4231641
42739
4011622
2475372
1863359
7492651
1042410
9102386
1380368
1651335
3367939
2406405
9992805
7791302
6570232
9398608
7714578
4936495
6707218
4033626
2992656
8401658
8279143
2551352
640079
4800362
332166
3844330
4125236
5583249
9900363
6906677
1661015
7240862
6369489
5506370
2737494
7468177
9818977
5418809
2855170
2098184
9584434
688130
5475730
335132
8584208
2251205
4817123
1559571
6603245
1232539
6246327
1572893
5044970
560785
1361975
9696230
2192136
6998062
4440193
2282141
7335643
5897204
7768361
8044381
6554099
3741799
9976214
5116396
4458134
1328661
7336981
9954437
7791236
5244877
473801
5998228
9266850
5719908
4968895
7857772
4525769
1959000
1542212
7848320
5287018
9361518
4153466
9114116
8297050
5699633
3534570
2113494
4401177
9367148
5792141
7835805
6600416
9837856
811787
141603
6898829
9897565
3253953
9768729
7714725
9684293
217167
4128815
3312340
7677590
9673534
6941375
8735261
3354074
7249942
8672742
5940213
2119178
6523973
6049998
9002580
609658
8353985
6507284
7953269
1616873
4768848
3841227
367053
6977671
9372689
4709832
2677682
3738351
1651635
4590899
469710
614652
2449721
8305734
8249694
7365368
4707955
6338596
4372497
1538410
9535887
6441450
7508957
1544276
1122751
6005500
1379759
7754833
4545337
1592834
87590
5517672
6626549
9292294
6890382
2402129
295056
1605364
6281263
3784406
6042847
4725335
583120
2631453
75555
8621455
7389534
3403338
2360074
1131835
4419208
4492335
7412739
2124731
818384
7882369
6139485
5626872
6826704
5948756
1711147
7798546
5440751
6714700
7442364
6281158
3757813
1651719
3098490
8579571
4985427
9377468
6107467
3216091
3375908
1255453
1011034
8809733
422071
8332337
315987
2764725
2415278
9505210
1167117
9089357
9589597
305210
5781909
3947347
3019808
958410
6063100
1180134
3013499
9803773
6945774
312961
1339829
8297875
3372857
8387014
7413370
325769
9045647
1962622
947929
7340268
6622631
6326307
7591521
8842700
8958233
3421709
335923
2262654
2931479
1166295
8244921
4815892
9471060
4184320
8250026
5337458
3894344
9672034
4132843
9635277
3103309
6684750
5954681
8548126
2557835
8910761
8418711
9703977
6854769
2458543
4781975
5521123
2324935
4525081
9359643
5881113
6569137
1555573
3124983
6813119
5721381
4243010
9176847
730592
7181341
6181871
318386
2120466
4254597
1142476
9307667
6293569
4720404
1390514
9097990
846098
3223689
1552427
9572616
4293977
3595706
5914846
5934198
4016643
3832940
3031872
246573
7472813
2552348
2887057
5917788
214590
6267709
409079
3998651
5584744
8435010
8000954
3471053
5665214
1246140
1189963
1798226
6768066
7184964
7953243
4307571
1680863
6992928
5239593
4342556
7888657
3056189
3867981
6661115
9892375
9799361
9076966
3445989
5833395
4058480
5304563
334646
2972079
526221
8411080
4961385
1268668
4690615
5767522
4350394
3606529
6261630
4320660
7095969
2883235
7475122
7113606
7648076
4420915
4117270
6780880
993418
7022247
138661
5919548
2950818
9292688
6415576
4274075
7516317
1415489
5180632
1876398
6961012
2243532
5751046
6833402
4007392
8096029
6714012
8611235
8768935
5209380
4711359
3439972
6203435
6597480
8612914
5206797
5687597
8446630
750378
787708
6546715
4375521
7984495
7405628
3882870
1814417
711455
1560627
182405
116934
7881115
837259
3972665
4100477
6007785
7655360
6726283
1143041
5282619
4893639
6883950
8892058
4887089
511794
670767
7192296
7387012
2244883
8185860
5501459
7029800
1477277
673641
1149902
2341186
9805654
4750525
8333783
9757347
1306533
1853168
5113894
6935393
3856939
4150317
3807830
8357084
5484540
4019473
9196937
2915812
7656849
6314198
8870383
1295235
8581698
1016652
6374095
8255764
1023969
3840809
2539013
2996704
9255858
7236939
897219
633902
4502229
9460867
185313
3460940
4263573
9463365
4680918
3955906
3305492
6927969
8229958
4516865
1867616
5891376
8938033
4085157
3469846
1693630
7481336
2893520
6025105
8644058
572034
7821250
5088353
9232093
9005150
2114333
2589926
6838249
4555693
4788441
7870908
2285758
1745092
7395356
8095670
9386537
1616424
3327273
8954119
6026828
7375348
6030541
582941
508537
9823051
9115611
4194466
1642931
5181252
1494357
5666904
9680593
1699958
4157367
8860034
2750365
7407550
6410185
4703033
4710746
2883832
6163254
4290902
1662405
7978225
6782049
8661552
7529391
8996858
5389337
2938790
2504935
9971637
7528541
6779708
2282855
8336376
8062593
9577857
1188765
4489454
9705482
2514216
5140876
1865468
914935
6973133
147319
9912673
9338434
8897980
2051187
5815444
6634158
3441438
4811321
4885972
8461272
834210
8814457
7907955
6608298
9001637
9056781
422380
7752000
6845634
2036243
4935062
5549999
6613173
5639493
6751732
6979947
8352253
5124061
3598006
4986471
3093711
4484293
8788326
3828959
5410682
988200
487511
6305600
7880814
9548639
4493867
399065
8642768
7894742
4332316
8027983
8632322
7912533
8393325
7795081
3821866
4836342
8356383
4704215
2708053
8945529
7125829
6766784
8461960
9677443
8850475
4909342
3791215
1874106
3005128
1799466
8776710
4873272
3529678
4493677
2682295
8794124
8539179
3809090
1960114
3265625
1025670
8219677
5872557
9805510
9225768
9398102
8836960
96409
7451046
4464357
6429534
9104777
5432867
8956170
4277582
2074865
6575203
7876573
7390355
5839243
7702565
8221983
6546833
2042118
874798
5338077
3822477
7423459
2051704
5757751
9089662
9989796
5923333
3669850
373662
7221594
8582673
9079509
3332703
5933835
6204008
5483011
1111195
5216716
8336500
9972333
3927057
9542260
437614
8551929
71370
4556137
3222799
1514702
2721364
7417016
2243763
8883392
7332533
7029314
73996
1757920
1142537
4016149
4506543
7754190
7444593
9565868
5470411
2738095
8292944
2019621
2052759
9333727
917634
1164728
2460458
4754005
9358308
1147635
8047352
763637
8442117
1040701
6211566
6448650
1443159
5328667
6031382
4081664
3548227
7771969
2162374
2258670
6497231
6219739
935894
5170989
6654165
4989337
5155591
1915874
2319730
4127624
2847282
4971734
9929070
6965228
2509624
2574474
7670724
410389
8403791
9893355
2462748
167164
9118272
1451941
1906628
8329368
2740427
849864
5412326
2199303
8173537
9769937
9284642
8602465
8350232
5045798
9575129
2195193
644576
392542
4457390
1359399
9249749
4512199
7564877
163750
4764581
3577050
2001166
4095875
7610879
3496759
2303502
3826096
4252452
2481633
162698
6278587
2111010
4111102
7041480
9386687
6919370
9934676
6945043
5824154
2435664
7427893
2493668
6138345
1844016
8661209
2617250
5760917
2457995
2101102
5954739
1874596
9206571
5562244
9212002
5939378
257401
6445446
6776233
1658725
5849522
981838
4859028
1291408
38193
2313654
9457561
1020523
6776598
8620676
8525216
7947534
1987196
6785162
8793981
8297271
2344562
1691789
2288110
3164648
584799
6626068
8498318
988821
5987288
3584515
4397434
7664686
8587994
6004480
9891641
251666
4259562
6113753
2619916
6350699
752417
3094200
3113715
9098878
9604184
2325137
2041877
3124019
4945763
5263419
4960705
3611807
4816845
462044
671456
949361
293778
4803038
5156998
3785020
6996599
9741417
2385310
7818677
7340052
4982033
7632499
7705140
1145215
696838
117251
4104192
6215116
2028892
5241026
3143060
4844465
7566751
7293412
9427495
3912486
9526522
484908
1529924
773749
6561148
1643335
962699
5299231
756301
1723242
2564880
2349845
2064501
1640858
4118244
9238628
7464346
4039908
5095283
3441089
4709883
5620235
7711228
9963426
3094836
9652236
7851535
1622226
6992067
8232567
5454289
4057305
6516905
3653895
5780032
263453
3378707
1217122
2619478
8953380
3897281
9215677
7410410
4899183
9222740
9554946
6544426
3618778
4247189
6311526
5121694
3487140
7860019
788329
5874804
1067015
5611573
9200247
9952561
4281599
3179779
9810986
4357349
3856926
2307595
1391667
2695866
1922423
9226561
3611494
3239892
2798901
2544403
5708851
7875229
5222446
1746255
1483798
6636340
4497409
5403378
8586604
7131838
283758
8415126
7654075
3692197
9933158
753937
8472571
6756922
8445397
1981249
8786758
4776747
5200464
4315959
2532290
9806443
2727456
7641870
9869982
425084
1195331
962585
1824180
9763692
8855175
65858
9845031
3839460
7070403
990026
3410863
6015706
388653
4343307
1316819
3826158
2179918
1979236
9176898
4595168
3012929
1466802
4929636
8360556
2442895
8918013
502962
9249865
4499870
3838301
4732383
8656630
1063713
2073134
6580270
5353770
9128350
8456048
6906182
7491983
9688231
1782917
8799425
9810220
8945885
2160067
8672302
8312360
8675161
9161748
8570901
2921023
2531000
285156
170374
1396733
194166
8006623
1478796
3557742
4489611
8052203
1257019
2105281
1177127
5681906
7210692
3253664
8909443
157066
3529025
7146340
4841373
7250501
1038310
1512634
2785875
9532835
4106745
6736018
5894699
8815893
3521584
3988131
5827715
1757338
783882
4501339
8783473
7973201
8499471
2253542
2004177
1395602
2973512
7485680
5487258
3285894
3685192
6006675
346682
4878702
5175340
4367770
8278452
9359436
9600934
1380525
2164058
1090
7024865
85329
620637
5854450
9873442
2335016
311109
1464644
6392880
2693956
24919
9817286
8246732
9272641
5367006
9382909
572980
9896273
2750541
6111763
7470800
4994045
746483
8150515
1485388
3869725
9508558
1593156
5528896
3136505
2258385
9220572
8999527
4847860
3341329
5829140
3991789
8315204
7345757
8488886
9961593
500699
7919040
9995296
9626355
8444936
6613771
7143914
1601739
7367553
6557959
8048637
2827505
2903493
5434928
23470
6996979
5981619
3634212
8476828
3368618
3932871
6587414
6948211
4857735
9477480
4121829
4956621
1190842
9333143
8246659
4297285
7500180
5617357
7940809
9287610
9198258
2745586
5930210
1274285
8308002
794086
57375
3516554
2274380
6903569
3687808
5536382
3225491
7124376
7542781
8161954
5750585
9606707
5669563
9191985
7979541
746956
807919
7425494
7439615
1966854
8055296
6971117
7478042
6642955
6195128
5060957
1712121
536310
46810
2228085
5116729
3791206
2744500
6285206
3385957
6768437
3504263
516483
7348691
7658964
1664547
423303
5513075
8601678
2246882
9212488
6505306
5550319
8643488
4388242
6710453
8183767
984450
3741775
7500565
2820029
7596775
6487153
3290008
1065173
9575958
8131086
5651697
3281775
7664752
2347026
2879121
7498021
8562036
4000556
2018664
1954242
2872442
9181080
1164589
1422810
2829559
278674
8473323
2100888
263725
9724337
2218742
7248348
4614733
8279078
4144525
4084251
8627554
3262851
7193717
129201
233133
6171219
2527652
7699978
983480
6267130
3948269
6953736
4695085
4247041
7708509
5627594
3788350
192472
999631
8943364
9897454
9492194
6979372
2773701
3355203
6866042
2888622
4700403
9423016
4138827
7763361
7687900
4307125
3091339
1999800
7072504
2868452
2756353
6493741
6479118
1255144
1935490
6684762
3405547
9359212
4413880
4435167
5229337
7734918
7387549
202487
3084784
7652493
9195759
5062906
1283644
8245048
7709325
8721365
8277063
9515085
1480164
9464296
9705275
9325808
9481483
1318649
3812550
1948892
5265845
8282093
5398743
2049249
5090953
566916
7301832
9560582
2889940
4327798
3309302
2470727
3434091
8730628
8759841
3220604
4637943
3602234
8397487
3461013
1946554
1921037
2251113
9367125
1262673
8316401
2736238
3791985
3667801
1605812
3271814
2203825
147763
3035103
362343
8744774
3802232
2261227
8505728
1348214
224502
2708703
6775972
3008880
9761417
1616842
6599054
9109342
5160944
5129309
6605527
8970681
8026849
5564693
6474323
7043461
9217998
1359798
9740797
2921274
3971722
7412027
3505112
3425084
6085877
1010356
7200342
6986268
7344609
9582324
3056018
6939322
217103
6355409
649784
3797722
1039957
8324794
7830408
9111697
7500730
3850280
9243259
3632642
8913212
5631507
4971430
8354088
1994008
4393515
5171054
8497497
2636358
346479
6189310
11705
541454
7147866
3750996
3513858
2774921
7484873
5182850
1093376
3336277
9246044
570116
5241771
478129
8289439
8823283
3111805
8385786
4408051
5497010
224775
9559597
9087372
3542654
1986810
6527033
5060141
9506749
1575597
4712170
7401258
3366485
7198192
5464060
1478357
4362909
7036637
9752220
5669433
3228819
4248288
991406
4513431
5044406
1197810
8034721
5772771
9032536
2685675
4065783
6967614
4598734
9617692
4913737
7203292
4358226
5862760
5294655
3604167
2636908
5912739
189000
8754076
368897
2812740
4432873
1195255
4377841
7717664
4384472
7190294
4486462
6069729
3857907
7970328
7544224
6979914
9156780
2094926
184612
8237526
9616821
9514036
9784503
2034497
4662498
5884350
1211390
5666067
3273067
9905132
4453900
9134018
5671626
7029508
2922110
518469
2025234
1979894
7142329
98156
8439427
7317024
2435595
6211490
911055
2146892
6146929
5923175
9277804
814105
6762065
8747675
88880
512797
8142209
9777181
5548292
7550212
4890135
9737150
4265709
8316205
4158086
3081713
4148992
6988703
758699
2740774
1753306
5647676
3102621
8935230
8550161
920035
9955867
5274320
6778266
3837539
8267812
1354431
5821688
9512375
4466294
6453444
8441684
5574632
3526032
1939867
7958160
8358582
3018859
7602278
3639127
4664350
3355309
645398
1030312
5715704
3949159
3413871
8948905
1160065
9076545
3900449
8447247
8960657
7437149
7564091
4994644
7500202
5456736
4567095
9801475
8213928
6210081
4624085
5969698
9097804
1661270
390278
3570846
2133479
366299
4342318
2544453
6036815
252516
3842310
4772931
9531441
8547404
1544707
2864484
5920057
840038
5416960
7011160
5566031
823654
3660514
1644044
5473794
937011
3213851
9362912
2058930
7163114
3737653
2703245
5608599
9252779
9288135
4198840
2526082
9079331
8661094
8572403
8823195
5705804
209315
7466964
5948329
5775259
8609099
897790
5147899
1997055
3544445
6216647
1383340
3636832
272482
4982668
964987
257460
1358347
416156
6391363
1252260
7389126
7206212
9208404
2002237
1970213
6566951
4479543
6550544
7753351
2566195
2039594
1987882
4234562
9190597
2816002
99241
1521084
144001
7955264
4875276
7425172
6410242
5915225
407032
1423020
4263008
7683326
92378
3356784
6856310
2533852
710101
8819674
5884054
2713949
8080100
3756779
7937189
1876467
1136721
570898
9616706
5192606
4643566
8743713
8685158
5327552
6640467
4058448
8302045
3478319
5130502
4692012
5881522
4207325
2558504
5569486
1986649
2085240
6679237
6515854
1719442
8506517
3894125
6098748
5577724
9758304
9863370
8014964
4562806
78608
1316309
5934080
1262307
4492260
9589291
1009227
7947012
9228206
3115768
4920506
5693764
4068441
3306459
2415719
8109805
8178141
2062631
4457122
1602535
6686656
9744388
4506101
3333371
9596864
5108801
7033228
638839
466268
5310658
2904697
7517421
3170433
5538955
4665582
7686925
2202970
3860125
1668003
9815077
3854284
1225853
2721681
7178510
876254
8688094
3911513
395128
8284115
821694
3006087
777437
1213658
3343927
2538093
5675608
9072484
6097999
2312273
2295765
5450935
3278273
6765818
6769093
7847377
2199419
9092595
3379826
4301849
8041579
8640633
9566764
4776822
6215021
4931297
6737891
1044738
336864
1117020
331144
8760103
5325182
9591279
8824192
7429907
9727977
9120102
5258421
8356462
5344063
472217
8405009
4154380
3584216
8915589
9442789
2693527
9392145
9427710
5151235
8984248
8216700
1815723
5416489
5484495
4476728
3553137
5069317
7822945
8663427
764911
6724294
1845886
4930125
9247052
2269700
7875105
9085761
507137
1209496
9411596
5827985
8826542
1269175
5526618
5387603
2466988
483080
509164
5000828
2665731
8306972
1270412
8877792
2095876
5018736
7343042
940308
9437059
4794487
1516269
4367683
3613619
1240981
1759407
3710700
4281704
5432211
9902090
9782747
7431771
8225915
1868946
9335111
1040173
5163438
1946619
4386250
7623427
9999592
4010717
3873744
4306769
7789627
2401066
7860471
8779026
1449215
903580
7657465
2321163
4587987
3072177
3581313
11372
2321010
551974
7083308
6439206
9540258
8147171
1956167
9939965
1431138
2325886
2610097
196175
3142559
7124714
296980
7096195
9229921
2971694
5224393
8581934
7618803
2550197
4879477
8690909
1935156
7202141
1312977
1848818
1315311
4641724
3464258
2869855
4309808
8239911
5516191
3584055
6437206
746413
8500091
5053656
3219169
9068278
8401099
7623974
7216076
5445835
2402529
8952169
7159057
7632600
3828758
192721
7626930
7403639
9014868
2219667
9658819
990215
8908549
2037940
8979257
4187157
9737206
7702050
1479718
1462459
7071620
6213117
951486
6383685
4013700
8872929
6113744
6835166
4352623
8678243
8075667
5613833
6808269
1595086
1570762
5159270
3688062
4924629
1345376
6551906
4071276
6017663
6004874
9569026
383156
3671729
3183462
1010870
6533271
3427057
6347976
881620
4519344
6580903
3874547
7548488
2614307
8086775
2257236
1270596
185162
628614
8005035
2889526
2292911
4596598
3023257
687302
2856503
2026408
5392940
4486420
2394899
2037971
1864101
2194838
4809844
9116404
2528862
1808083
280385
9894109
4385335
580708
1223009
6800464
4471049
9444591
6785926
5655536
4594966
8138132
6658594
5508137
9927150
9813017
4773063
5903068
1396924
7999844
32989
3819349
7253700
1433343
7470564
9507461
6980623
6952367
580397
1629883
5856017
6866606
1488621
765036
9462483
1427385
6248842
3195340
5836437
25533
1474288
4133833
8491653
1774728
6731412
2765519
5359246
4700468
9285695
5247992
1926980
8723137
7464199
6546704
6296117
4838621
168927
9361580
8023202
8567022
7799542
8405046
7627190
3602082
6779161
9787451
7905193
9345494
2785626
8166555
8102496
6560415
3247414
3380037
2869305
3489829
1254673
7420234
3098512
5649739
8898478
1006581
8165832
7330972
1901433
8364834
4798251
9281782
699952
3069293
6250940
8012805
5825147
188631
7334635
4180136
6872929
334803
4012561
3140762
8872736
4277603
7162523
2153661
7295713
478331
5594031
4935616
5361632
3878806
3097648
9398787
574418
971659
6692863
2027298
3515600
1070391
6120411
6451192
9434773
7168616
9819610
8957387
392984
8935271
8212318
7633085
8956261
1270581
8954814
2893589
3447652
1117356
9093084
2217766
3414658
6574260
6375008
4415831
8697975
8252927
3663354
28574
5646475
4480576
5514482
92553
2370351
4969962
1224801
6067522
2960855
318144
6698766
7240432
1751009
1669910
3756590
2825652
7139369
8724771
3570594
3989396
9776320
4545192
6344458
7726564
3587978
3539624
1870739
5597088
3884454
6410647
3487250
4975534
3042952
4197121
5194004
2558949
9400658
7919816
8503182
1750836
6833239
5108806
9632937
4497657
6026173
2924755
5825811
1167838
2080160
2527945
1579020
6183100
5127868
1028074
2433769
3687000
5219428
5931828
2364002
2646610
7243820
1718607
502960
489965
3339892
2938810
4442243
2077284
1632982
4870224
2399189
9107711
6902401
1565271
4056595
8128213
3068919
4934945
8551074
3745501
7601333
9520681
7100771
3613915
8365941
6497341
201701
6745786
5229871
6797280
5251701
6122407
3566569
4333641
8436017
652016
8316958
3398108
9327631
4841909
3989362
3496440
3491306
315989
3605884
2355445
6356213
3314233
5097144
9905638
9697427
3141494
3696616
8119420
603966
3812593
6963094
9716455
1444279
534573
3833098
928130
4719060
3911559
4077612
7722555
2360568
1525823
1470601
89138
6741582
4346481
8072373
5113576
8939766
2563003
7416732
5441446
5806685
2733569
1463260
2326119
1811626
8533533
3922654
6997896
4036088
4179153
1226921
4014909
4553426
2893396
4984983
8952262
5593715
6247452
8084126
4740229
8573973
87006
4765240
5829903
6137134
5373376
2256395
8190649
1388430
8017208
1454638
7357225
2302604
2543993
1288282
3605680
5483783
873969
2990818
4681769
2212809
8564294
4454774
9449909
4920876
9039181
3802685
2621731
5238214
3389734
2440259
3565821
785672
8330692
6118144
9660249
8652318
7545826
8894449
9720078
5439803
607526
3264312
7797898
7142595
5925799
8764444
8660834
6460555
2729823
3316542
4007247
6065340
3901065
4177947
6982845
7104636
3277486
5783685
7297904
7378882
2386703
4730827
1809988
3404654
4573495
8735372
723222
8334328
1272267
7838774
298044
4036083
382281
1601876
889801
6149217
5834772
6786217
68897
7785569
9104153
9889090
3932639
6802382
3180038
5340569
5773449
2445894
161148
1015654
5407859
6205360
9301511
2439308
6544018
945931
6412031
6439555
965662
3205585
5685577
7210916
9031379
3744764
2747766
2262
816808
6667176
9490562
5235955
9638486
3688638
884837
7502735
5282458
9034115
8079685
257831
5701002
8192529
7506097
3628032
1523862
4124308
5689344
525403
7414516
9963795
4543693
9853711
2214396
939560
5405662
8827092
439539
1585125
9809377
8965340
5512281
9927307
5477412
7934760
4126132
4179972
1102185
6180153
1935645
4478118
1374377
4649352
5491142
6824649
6810446
6543995
6849793
8474161
963712
9981187
2879520
8930865
3466456
8816950
1326023
7760923
7707592
2891153
6516062
4761975
5614297
7893152
9809032
3535021
7581923
8968034
5332671
3629923
4625523
5960181
7042003
6783290
4451078
3231863
6335293
4842480
1866453
4295393
5870728
7232415
5109090
8584343
2195729
665484
8634698
1185881
2612376
6254801
9453802
3523472
6742040
8749016
7832799
769527
3607042
5273065
8912056
7526648
965570
5319471
8493236
4834215
5299534
1660996
7229807
6352311
8237086
346993
682452
3779415
4068304
5628313
8577195
5604947
7481127
9669235
9291182
5328557
3515898
8334576
1853095
5370812
1306872
6090254
2142176
5199699
5109818
1989552
1566568
5846302
3753898
1692981
5489539
745309
8460782
2806701
9835149
8440476
8654067
575712
7672151
7781146
580107
9412662
4675476
8829308
7116484
8431205
1664532
3765576
6129544
5248620
332510
9982988
918331
234856
7954461
9093635
100584
2764609
2099791
5003297
147678
2963231
4672735
9731969
2400009
6602616
9913440
8118590
6661511
5843905
3584560
1899323
7005160
1007153
9391554
3386476
8153108
2067352
4204957
7769226
3300972
4221938
2409837
3834989
8960464
5190845
9130054
7857147
4167408
8080640
1457351
9316398
1841663
2094935
2905270
6074317
8612370
6828251
5165968
4368033
457659
2309671
6988261
9375843
7314935
8053514
602551
6339777
295767
4083835
4227457
7716428
6915008
1227301
6274831
7548029
5672140
2458826
1497738
3231404
1247401
7711361
921090
6603693
5417240
7995480
2076446
9320262
4583549
7274030
7796148
4717464
5768876
6430706
3426790
1825970
2955693
2167480
78497
8948852
852531
8860831
3262787
4878670
2498854
4823874
6850534
2800135
4323977
5168843
5625895
9160278
6737140
325601
7115005
4615076
3085350
7430216
1071251
2031182
9048370
3066318
6674728
1762924
7238423
6060030
5552521
7354563
8213255
2987501
7595583
594276
1451699
3104582
7355593
9266324
9824098
1194328
4633505
4969116
8083242
3593337
8721679
215696
6422050
6468977
8862603
3565419
5945963
676408
5484645
9905372
1072773
3863428
124014
1752238
7266329
9496283
5348683
8352613
5379063
170388
4612544
8521999
5389798
3147002
5697603
2702299
7127189
3925659
2681720
7613410
6090738
1011507
9720321
5030823
8909382
7302748
6102716
6784917
4835141
393632
5037490
8369789
3567975
49166
411281
9724549
5120588
4138676
5557663
3062353
1586925
7930744
8306271
3054495
9483300
227561
214209
1072518
4854296
7854827
5415182
3106076
9034390
9878956
7147365
8065029
787770
1103876
6052054
1409784
8917383
1134742
1228814
5472900
2235791
2836970
4008375
8641099
8350620
9662544
5244439
5979142
5220841
3008580
1925984
5322828
1597611
5562441
7155530
2130034
4100634
7851325
4625816
7632844
28726
260311
5689592
6431571
5276150
9190794
6015093
8810984
6772211
3701003
3648912
3194868
4959561
2659448
9009820
7943656
6408952
1704358
6588423
2056125
9115847
2699358
5041404
8587009
8079914
607134
9710021
3826932
5479726
1639611
3278417
4825968
5545031
7388967
9751583
7378691
7686287
9593253
9022953
9038594
8762392
7342455
8948602
1933758
9740129
6455615
479398
5625519
4270313
9280002
4478223
1750393
7553431
4441286
1362079
2809898
8581774
4039519
8211667
2331528
9659295
466282
9630792
9958179
7060487
7525545
2154620
1979923
5306833
4338473
220947
6362888
9225416
7259915
9487759
9359337
8267267
6854059
5369241
5368175
4242155
637074
7808146
6995347
6110104
4162945
4179451
5738988
3053036
7136079
6924187
5266279
220268
6289784
9059238
2464033
1702502
4639327
5345110
4160595
5998634
8246499
4687311
7445732
8437847
7627467
6117163
578431
8521554
6454721
3815170
2275379
1154228
9883771
2232433
9884996
5334603
3754397
3937631
2419692
5342017
7267218
8765512
6296460
9396369
3593482
5701636
499338
9984720
2112910
9572028
4858692
