5481
7438
37564
5002
22967
79400
32425
2209
81055
2340
16447
12836
53337
25948
23912
10123
11115
19748
58521
51232
45664
4305
67448
28249
42674
78797
30865
20612
8645
82941
51421
71602
14225
78289
89583
65202
17497
96834
40846
6180
10944
99402
26449
50069
89426
21790
91087
82595
61427
42241
7373
9895
53528
1290
23263
10166
21664
48546
49509
74701
10546
83270
33063
33165
44325
20235
6804
78157
55060
58550
61752
27399
31031
63336
87452
1796
46410
17279
13231
69427
49621
11135
52267
12176
31582
48521
81891
39939
80665
10490
84508
92046
80483
88713
10117
21715
57056
31773
34887
80343
12703
97781
63865
98593
29342
733
65751
14964
98860
96032
11782
35849
79622
34727
54415
72482
86996
11665
11684
85320
2908
80735
32016
90297
26352
69442
69102
88944
19817
41704
17287
89866
82117
94621
47640
42155
71597
58141
81929
73628
51864
33052
37528
56097
55512
10987
17223
69196
31710
84059
64192
26181
96659
4562
96773
68122
18146
96904
94638
55290
80395
6548
2423
82938
57147
18894
87549
66595
39392
26707
7018
38787
72979
24370
25797
49502
18794
26970
27089
40012
10611
90346
51736
51877
91799
92760
2165
24512
97978
38891
26640
98921
54568
88483
18275
32062
50166
88610
21666
10353
83589
43996
70154
17287
23565
68598
78503
26097
50026
81360
59517
77524
43809
18232
41409
13840
63421
15320
73818
5410
17940
46322
16213
91495
89707
49604
23222
32652
10596
42095
91005
46793
83002
73873
97752
24724
24128
66608
10667
21685
37739
19089
71587
62788
83066
35542
60868
95520
85618
4689
66931
71629
99655
68032
72913
71319
44300
61251
45652
7704
97160
30819
36237
72943
70463
88110
30144
81607
73611
32290
89432
18482
49403
32732
77517
5274
61297
71395
96288
14126
24047
3179
35277
98169
29866
47568
78632
68578
29677
37124
21728
66621
62162
80882
21099
77797
57633
88386
73430
67671
9927
92875
71983
61722
79829
32196
79718
17009
15239
32125
44251
84691
86444
79423
88433
80614
28252
8680
49941
14323
76213
61779
90262
75308
84525
81860
22097
70301
74948
88113
68412
51949
75010
81042
77526
95446
56428
9947
17404
74788
91190
81870
56249
84825
16387
94825
8375
45462
10027
77007
34410
78126
46063
56784
82419
44378
71662
92732
62287
4283
27984
24838
2198
59020
1356
49974
6487
3647
140
81798
56488
29435
57785
47985
38582
18478
71573
95180
60284
27669
35785
98784
76949
97802
65775
4330
28996
1431
86346
63816
76088
26913
22891
76716
64751
29219
41398
11074
40328
28611
30641
68279
85166
19875
3065
45612
39120
86096
8652
84451
3222
8025
25947
96101
76253
35184
12944
6845
54184
13565
95391
77307
18351
32629
50937
72241
49444
91900
52130
5191
7700
64112
4083
67010
85612
464
90220
89258
99085
90768
76510
28952
18004
16667
92821
28358
66412
87549
8175
86516
13802
55725
14948
72908
50578
93441
30244
79824
46624
64743
58362
62198
70940
60258
94875
34969
51163
90238
51169
62476
15720
55243
18691
45168
82109
8386
6977
75700
33996
18976
86777
11420
36567
74989
1375
90163
41343
21477
97122
60730
31571
5642
69076
41503
72216
11400
75347
51688
45597
52512
55560
53331
99659
98655
46821
4736
42596
72077
13190
75751
93903
64097
96797
1004
61560
69609
79109
44257
11439
73424
83059
93798
41083
49694
31942
67472
70794
4135
45162
83644
11515
93272
6601
11132
61468
60612
89442
32022
21990
93902
90326
38527
13375
86482
21704
29109
10928
48474
17494
30594
58914
84468
47804
18473
88129
22859
27992
7190
46172
8406
9903
588
42529
22259
53200
47797
52362
58559
8187
57536
29641
35642
7936
66400
28391
62010
50525
32614
7641
86068
46007
76992
96251
4344
5337
21721
49442
96985
2953
60474
84510
3387
74615
91720
22843
72862
17428
15994
65108
93262
52841
73115
45074
17907
99629
57131
62030
56669
98079
93183
82008
66429
10971
69756
4153
29569
53495
95000
78597
74653
83035
17575
7881
47820
26968
51289
70059
66421
19056
68418
17557
25736
1423
90834
9079
32764
29783
83606
53289
30088
23220
55210
80102
49878
22358
60944
90607
37685
63414
395
53767
46484
63857
18659
13136
10845
82763
10003
41389
5608
8046
83598
2222
49145
67854
22288
15916
68450
55307
47919
30438
14723
64857
48966
13195
74518
35224
50350
17685
41303
63021
74976
39247
6794
81651
7536
81950
22041
91213
93650
49277
75798
68011
84299
23832
97363
13074
16409
61563
38540
92543
66616
74979
69572
47726
41155
40054
31305
14757
30707
62129
2535
39078
1480
94005
34946
23182
9702
37496
81917
55925
2990
18474
40230
28595
99784
94815
54144
60006
37788
33539
76280
85807
79944
89552
89020
95930
86888
15240
44879
95635
23240
92677
75329
78340
46891
71126
25919
65652
9179
4698
97951
71375
76613
62210
27452
37193
32213
75677
98423
77314
70745
26167
82992
19317
15197
17887
22028
27316
69270
12458
64915
70022
75916
51645
54724
89891
65459
65172
15849
49824
13722
88864
10393
44956
54532
37872
57473
40697
48843
16163
6119
61040
63496
16086
55584
21628
23621
77629
23521
36994
52795
29045
89558
20132
81284
10194
72388
43448
80981
88183
44866
34786
83099
84975
29317
55612
45219
51290
6080
22766
21213
75393
12829
25178
3312
93666
60012
88176
61674
44326
2993
7841
34603
90105
68424
94618
33973
50289
82733
81946
57485
91044
10900
47785
89765
21646
9268
55724
24875
22232
65527
13718
16530
34506
35731
17334
76270
22128
90348
4726
12253
66496
33657
51492
79673
12565
23996
1525
69135
53358
88942
79103
69643
36081
64596
94312
26911
27151
69478
55628
68216
25280
73325
60993
77959
62441
65005
682
88145
82567
56376
49388
85689
38767
91264
61153
72069
42999
63295
28244
34878
84492
30009
6679
59661
79219
78579
73718
34645
56076
80876
97560
37690
73874
93509
55103
23768
31163
71204
14052
61974
70389
82721
64889
39664
44643
46877
55870
83917
62737
2373
24239
63768
80292
62454
85940
98995
71080
58199
35773
46839
46689
42925
53370
20910
2125
76660
65518
80645
30344
14293
80923
84792
99918
25202
88824
56262
9927
33414
79539
27482
92445
29071
99489
22491
27533
7125
25517
54526
12251
69683
20588
92904
65262
38000
18862
68495
45707
49840
68818
10134
51635
51514
13025
93342
46640
70057
90088
71674
61712
97565
82862
24215
87871
56865
84751
30203
55989
13674
68331
97855
88785
88342
47576
32230
31297
79540
50666
77535
52102
24697
70355
71239
76518
60105
35126
8833
53900
65250
68145
97607
42912
44178
52701
43890
37358
86439
52083
59967
89806
75936
68363
29588
26311
9124
19004
33892
46589
46545
77415
8801
28273
70764
77130
46405
45908
83061
52706
36788
26096
36068
12547
77064
96311
34162
82243
51020
99442
16364
7878
93299
24269
89373
68445
42697
81336
5934
66269
54551
98815
51758
5335
54818
46625
84803
58085
87056
53241
16136
1163
64275
31860
66122
38657
78577
91859
45829
76537
57324
65895
18944
94117
20332
38515
28022
90622
82446
22261
57206
1825
25745
12015
37949
46336
81020
44241
40453
11085
63978
13479
78350
87716
28483
61307
5138
86525
23971
6280
5296
87665
98398
23057
17687
45940
96805
86702
24794
20469
72668
50546
73768
77504
75812
91549
74479
82773
75247
5865
95344
99056
48706
95714
1949
80079
87314
85683
26273
65920
61361
42858
87536
98700
55799
32984
13652
51232
39156
39904
77370
71452
25192
43863
2369
85879
68828
19367
53964
24393
23919
72823
71287
72196
21386
98850
46120
65331
20934
57008
24392
48835
9422
2128
31826
79692
78146
64527
25830
47967
10063
83373
22337
48289
47608
2664
19223
73220
96141
34443
48706
95997
52531
43398
65447
43752
74262
53773
82364
89045
30424
40315
34826
72177
32409
99222
84712
99579
39930
43064
35525
83864
0
27855
36311
41571
54270
90032
35019
92514
86318
441
97123
47847
40672
60759
34187
23588
48112
35941
50662
57247
4694
33359
30417
97562
5721
81054
85648
82125
42749
8292
67005
96884
5051
86901
11631
99775
25046
63357
27328
86712
78758
87360
99867
61637
5845
54367
89397
54374
80849
62542
4671
90305
59964
14506
39231
30727
73890
71438
18103
14009
53679
12670
74379
50153
24770
28282
72695
9594
96072
84391
7240
89500
55155
44720
75776
83413
88949
48706
41511
98503
28900
84836
58888
46572
69785
37490
83606
45297
13316
64623
11457
26234
15770
66265
555
30553
75417
61199
68808
86454
23891
91217
90077
1392
86323
62395
32275
57632
51668
11883
81230
37152
20674
12865
91365
14325
94514
73012
97936
78822
14924
95197
36885
39731
90029
77396
17653
49852
2342
69394
78907
81603
96904
39486
56482
38284
58535
2703
85887
14856
99098
81378
56669
3367
86982
59405
49196
92529
17719
9764
24800
56741
69717
54318
32598
52519
89098
50453
89918
57393
75816
83071
24458
42441
77548
63895
51811
11159
14041
60450
25686
23745
55795
85632
56413
67092
8860
98059
30154
49215
85084
56259
28102
67856
88767
78535
57862
69235
19381
35152
87381
74428
1918
33442
72570
81384
88808
65440
2225
41103
19978
86927
88674
52350
63129
6804
16277
94305
64747
13741
93818
37348
37829
76461
41549
83209
43615
60657
11033
97497
60045
97055
97184
87409
31049
56498
23110
40623
75462
76095
38335
83667
8720
15428
11273
599
85156
3122
26776
21292
36562
97752
65800
26021
4293
77711
53199
83096
71752
26781
8281
6146
23012
99478
65465
30637
94051
3067
79284
38902
25942
51949
53018
71946
9017
92179
6980
69189
70866
6073
8781
91064
47827
566
69105
1653
38580
2788
50670
22407
78461
46294
50571
14672
42077
13874
63482
42159
25572
88791
65221
98906
48136
36656
27509
85513
14839
36099
77766
72591
92235
54395
49660
46630
86885
37604
30669
45244
17822
89253
31345
31105
46025
20843
18578
83972
23147
76873
80466
62702
7072
60607
41642
43546
78704
15586
59282
24607
92194
18076
30057
23423
1835
55198
96909
23939
57589
47513
18398
6317
13871
50297
13627
65436
6344
94834
42816
49631
37560
10427
83154
11738
92862
47614
49841
49931
2733
25533
46425
47915
89865
12933
69184
97718
14459
46325
65919
55721
39763
34797
16274
5561
58909
96230
40445
38739
10281
24503
75310
84183
51115
39416
55344
94318
29772
44721
7661
81603
7335
78606
8381
57625
78717
54481
5219
91360
13568
53924
19344
47025
98475
16460
11915
62382
32572
61392
11815
2955
50301
44166
73727
39432
28433
93683
20179
94247
32675
20276
6058
63882
53403
40486
64341
75912
46834
24149
83034
50092
81452
9990
71644
43030
58627
13473
92844
9491
56664
77069
25647
36897
71339
50400
84938
95019
66078
78819
49836
18277
87522
2788
44508
80511
35228
40653
21956
78833
42154
99721
60170
39093
20213
68089
52807
14008
64771
27019
48709
53427
44879
43911
45771
61566
43715
55624
30174
83817
22858
11326
41946
57806
82858
22290
90042
59387
99143
89264
17244
78635
18735
33888
1904
43177
59800
77041
110
46953
61863
56971
55445
46223
33506
907
25099
51599
69548
36813
94944
48380
78282
80446
60020
86596
3982
85938
95261
73504
93812
73124
74562
16152
69758
92217
16003
91142
3574
95635
98683
29925
33197
91609
80390
20502
88201
97660
17495
86912
42867
47504
9257
61467
70001
73834
7579
29149
29153
92919
28482
50328
54445
50255
82051
97677
81558
12777
96489
23974
84411
66212
39621
6501
74344
42040
15571
64517
67285
2457
66726
34347
96419
21884
37080
60230
86
61761
38754
50338
27764
41530
24637
4140
85914
47161
35510
97348
21847
85992
47552
73342
89939
87608
31388
74939
48460
1801
86189
72879
60644
64181
22647
81645
94221
29968
86906
58240
51408
73703
77518
25726
46041
98681
47083
23933
6956
28784
9755
61903
46823
4161
4684
32215
20412
62829
30262
94773
33859
88318
39679
28900
88903
32480
39975
92472
98740
35312
91379
17749
45359
6716
85233
40545
18491
51725
6868
15186
5079
8552
82759
48275
20791
24071
15742
69063
79531
34308
26363
43049
85762
92157
84866
75128
80445
16805
54254
66947
10809
29556
73271
74220
11498
36184
50422
21826
7933
67162
91285
87632
62397
78230
89217
91217
66956
78572
39298
70017
97500
80351
419
5138
49731
3804
51525
54884
17248
27246
46033
80688
89014
12979
62090
48149
16944
13940
90812
177
31336
36499
35373
49703
12619
51473
74298
59229
35251
72805
82012
84606
84705
33411
27096
84121
75979
25610
23084
61760
57920
82739
18547
69784
46204
12212
17719
31871
31077
75831
15938
51640
61149
7517
30818
20664
65330
30880
22696
74462
69360
6436
16827
74092
50630
75753
7923
64900
46954
66297
77693
74167
97066
6237
42848
34276
97029
87711
36128
69346
36946
38221
32975
25200
22193
93787
66817
2116
40895
42426
580
36045
79497
95175
87346
37951
39835
44171
76871
92307
48027
22393
24741
63201
29734
23
98423
67764
18134
87203
34808
93516
15856
94605
52874
3395
55713
77349
56523
66439
59543
74640
61262
84138
11822
24840
95082
1075
58819
88306
74314
37652
193
21635
13662
58059
56581
52785
27996
41745
67271
62706
42876
1475
694
90402
22696
65736
27183
92810
57403
16847
12125
92653
81292
42118
47520
31330
11845
71979
85964
42206
46090
43713
57499
37796
51445
52636
28295
36989
59340
37290
58044
42660
18318
61927
2607
33321
20052
12743
32898
19915
60451
80385
67022
71327
38305
18346
99859
51381
88523
75589
87827
41435
94719
99472
72729
97281
90259
75
81704
32054
9961
87028
79703
55188
46759
54142
26795
46103
89156
37868
52954
77409
74355
93437
77555
24096
81242
56779
65308
23584
11651
71115
60900
68298
38545
32686
60990
58402
23918
22568
78066
26070
36086
89355
89362
8167
90536
53104
22950
76157
5970
19101
59427
83597
14526
71892
91399
32521
71085
37724
70515
51512
37637
46019
63156
14321
84042
70345
57266
8050
59316
22804
23750
89263
19422
17465
23704
85513
8065
21431
44847
48331
61419
39569
517
11192
6237
97219
99751
87361
30676
93369
45307
73500
43730
70659
15867
82473
95892
20631
35584
81994
21190
12
56068
80572
28278
60683
242
68023
49236
31448
81308
35194
55628
34061
29249
90352
27494
96340
11243
19193
87040
44013
6798
2917
50076
95356
80523
12686
65346
27624
43253
87413
68453
42088
87083
98559
5189
66290
49883
88591
36302
13005
26210
74231
95289
34980
65101
49528
85666
67553
29933
53481
11962
70793
71010
31623
68667
47380
48017
92945
32844
98879
2211
84883
90712
36488
5354
24689
95585
6274
12366
5184
80402
73225
74974
73472
96853
3545
39797
63953
21272
67420
22956
44224
33997
31813
85634
14087
84797
35855
56825
7991
89677
87462
41385
83905
90600
43685
29638
47321
40787
95578
69478
15170
52974
11296
10901
67271
42734
49971
69807
27324
88142
62971
97296
51204
81014
30302
29742
40624
46412
66461
19857
53238
91712
30391
38120
32851
50098
43075
69083
35013
85327
71847
57239
25650
34296
73086
69324
81677
66799
35703
91410
21334
27782
10202
29487
31251
5068
98984
67458
44088
73867
14759
45274
60852
52529
74483
80420
55604
25422
51750
79694
46835
52400
50152
64487
90690
5350
90158
73990
88585
93162
40963
83773
29566
12496
83195
38140
21836
52472
73382
48641
44287
56609
13213
5717
61444
84813
57908
16466
83035
1668
56031
84613
44074
82513
67355
91931
4422
35376
34918
15815
70153
54783
74613
18866
47844
8842
42924
75044
71849
98987
63209
35255
27942
96206
79124
58043
79368
82675
75623
96046
89313
59362
70623
8074
60022
64951
11257
91034
33664
92975
28622
82033
98281
79816
96251
85035
43372
15790
75650
49229
99431
37061
25252
29070
31139
36494
5894
40303
64899
88770
48410
61577
91126
33053
66935
36720
28953
84283
99893
21105
97241
69833
9455
4727
74437
67169
10610
95391
58381
59092
8084
37436
46488
93227
33081
92770
46521
45182
43225
7393
44993
49256
61294
11748
7673
74741
16650
18803
5486
41541
96299
12482
14511
40127
93808
10186
64981
71064
7160
5724
20939
39547
90916
82563
7035
32735
83067
83777
36448
64362
84064
61982
34022
73941
15343
41269
9749
51893
44070
57574
15039
98626
83169
98827
36231
24762
59896
54344
96618
18689
68279
13783
25333
36993
99942
64667
92355
19420
43776
6275
82846
28067
59812
84683
9900
1392
46527
62991
81690
45197
76690
57064
9495
44890
13479
99463
66894
78171
75808
62065
48034
71556
75595
97109
44889
64852
87670
41533
7772
58329
93030
27255
99168
8666
52848
10242
79562
67431
48895
19554
17130
72752
2768
47725
72538
78362
83463
62696
7057
50136
50148
8230
56119
42953
86259
94337
96495
98039
9208
72324
35005
50414
36581
61560
16898
6900
31644
71865
16990
87772
41745
85504
17554
68708
67010
28118
42112
41225
60672
36189
36369
10889
69777
46373
69730
48723
40525
15546
53285
51728
91949
38110
35578
24779
47863
47263
36947
31802
24969
37241
42031
19213
291
33784
51266
33963
77552
46450
35603
23128
33962
87549
77863
28572
80545
25847
69737
16434
89579
78800
68317
7779
26025
25620
31410
67023
60474
38290
7769
78686
5681
46897
51734
58154
8017
79095
93156
74381
93033
96249
16222
40565
81315
59349
53068
84434
92361
11917
37062
36606
53890
21959
83009
79481
48701
69845
3700
51599
7180
1998
87309
43924
15758
57546
19244
88357
58136
72330
88294
59549
19536
78385
9879
81240
75046
96824
93274
85475
41014
57295
63654
49185
87585
42989
33840
44461
78144
18810
41894
252
30525
77442
45632
17095
1395
59786
63259
56688
25099
82311
19683
37073
89940
59303
90113
31608
83150
99254
41528
14581
9861
60711
7597
20123
4017
86622
50429
21864
46799
82023
12352
62687
41499
89861
85454
59578
41457
81120
33170
96293
71416
95679
89259
50295
13178
40128
13124
73188
54463
57551
81223
91669
80120
42649
81958
34052
55614
14010
90648
77484
61734
11540
84203
47485
55574
881
42176
55340
26394
84505
52545
66220
7869
64030
93505
87837
21117
35887
16340
29159
12934
41206
94364
48578
72612
7543
72308
31521
7121
2966
94744
18371
48018
68888
47696
2163
84728
99045
38221
41999
66052
75036
97583
56768
53730
54389
7791
68206
30954
8620
89646
60421
30165
68542
52900
82134
27035
31901
44571
11431
1060
48226
18147
93577
56811
1129
49481
77457
22402
71389
2098
18021
50009
65316
23643
42178
86254
93021
49931
13733
83963
50792
26636
78305
64259
26647
62074
75921
38185
43568
32725
85057
85906
7444
76281
86387
85071
67036
14135
68213
29528
16809
98774
94524
66443
42250
8061
24263
36996
71685
56208
91790
53332
27753
33377
29708
66872
53266
47543
22850
5735
3980
10559
52663
30181
18512
59413
64406
6407
20154
22299
67662
18452
30295
70060
35078
93640
74905
31847
1187
83207
18829
51833
13969
39331
85341
41530
73740
83622
82282
71571
87520
33636
9166
37252
68483
22675
44816
87262
17169
68467
44020
31114
28743
14746
50498
23702
26611
50330
7305
49431
26396
43026
83032
43047
64362
46717
68797
22174
17788
91180
25833
56478
98226
44384
46122
57844
70313
85380
14328
6056
61167
24818
8397
18254
59722
66705
17449
10902
78888
93991
25412
9687
47266
30915
21110
51838
3689
20343
62348
70728
96280
96052
53506
42544
33395
98868
86083
82835
77479
3363
12362
4966
25586
91806
24968
46280
35376
31275
96892
11533
8567
53069
3917
80912
85063
47393
5324
70711
68739
95152
77575
42034
53069
92982
34016
51533
91263
97368
63956
64008
72900
8595
38058
58120
55539
86068
62133
98487
59320
36971
17027
70592
81788
55377
49727
27738
36154
50860
80300
90042
76879
71247
12329
63641
67600
1631
83545
35040
67252
48099
35389
26494
20096
93710
62971
88802
44049
26177
14092
28620
362
42117
72227
57990
89143
73670
34486
11377
78919
97239
39094
33400
54807
95351
28992
8826
89140
52095
49225
56301
45707
78328
93288
7615
69386
24007
35497
86814
50066
64644
37602
21757
63406
58564
26760
622
53312
17089
3525
37009
20538
48571
93536
91545
6659
4042
31791
42621
89102
97791
57549
44137
11234
61463
33747
70344
22980
49749
48695
63406
75782
80558
71886
12708
99076
63839
56066
12093
62386
16848
18530
25079
70870
66320
44241
82278
31908
8345
58173
91764
33526
40082
47357
39826
67473
30247
46356
15170
39861
22886
73898
32585
10994
24478
79380
67503
30441
88981
33105
4025
71437
77577
6569
45147
82475
97706
15157
29394
15314
58582
88012
73066
99554
43352
49568
55161
26441
74020
88712
12571
39550
17751
29667
64017
65705
82425
81681
40252
62338
50341
49211
73154
43477
37121
32617
15709
33081
46973
1903
16545
1409
77070
53977
59415
94600
82582
62213
23201
69396
94042
96376
805
39939
85262
66821
56643
77776
37096
41899
30475
52929
53497
17097
47501
56283
33498
43016
33778
94024
73821
93408
68060
88926
5616
18743
25306
62126
99856
25852
53034
5150
43315
40936
20387
66545
45196
60503
74673
7913
23007
5917
67956
27690
58785
893
57820
33699
33532
44040
43452
72536
97577
47415
57571
75457
21868
54372
91135
82404
77119
7395
22036
85803
5832
78905
24461
30568
13572
30420
88612
20501
51244
7526
9373
6297
30802
43014
43923
81856
88595
51442
66200
88955
52027
12545
43484
97655
92794
80900
6048
55596
86222
97261
87793
1186
46177
25324
14759
18589
5101
37187
25904
31711
78457
7239
42069
60255
60677
61648
7819
39516
36891
41697
44048
97355
44088
99063
34129
15434
38155
76957
68849
80323
81842
16955
21798
64978
95905
46217
65057
37879
42057
40543
66584
51992
47531
10860
816
8691
46571
3079
93735
59090
61844
16129
95162
45202
77043
18530
32464
76738
70587
97024
93141
23357
31945
35213
85718
74966
76828
18950
77067
11442
69834
82985
99697
59242
32452
36253
46952
90190
82455
67966
93345
13646
64838
74380
54839
15274
44886
75054
26533
20363
72056
25425
58928
51657
45834
93708
71264
95922
34726
87625
37048
90505
37466
27346
40354
70824
31847
14272
74663
18380
91939
79774
34062
67249
13028
15893
62955
79676
50642
91559
99707
97014
15116
15663
5054
17334
14491
51956
34797
34827
50445
75308
20825
19855
6309
37597
10966
32622
86762
69972
44254
97461
7242
82257
37821
4617
28714
62150
6650
85355
40299
15318
28440
75427
5798
2162
40668
34735
42844
87077
52869
16466
81543
5054
78079
61284
88640
55092
43139
39687
90661
38430
47964
47398
91887
171
35284
26715
55834
99470
83605
33603
86852
28809
48080
96535
12652
54824
71656
11690
8732
6588
87952
8613
35876
91618
85297
19645
23003
39972
85916
87282
9862
77300
97537
92615
30656
41346
69173
72133
70787
16893
5092
76699
5996
345
81637
22430
61827
13724
62838
87139
35472
5567
78052
62886
74939
96532
88695
41439
35974
27126
48017
41442
26626
68820
68311
29395
47935
44652
54442
67806
60798
67697
10047
91808
42164
27549
72112
57702
27179
639
36011
86816
44093
43238
95444
76964
23913
24705
71944
60763
18387
42905
55849
14649
82295
16893
59378
46111
39348
23802
7780
34074
25309
42242
89672
11001
27104
2560
81323
31344
47264
62665
82105
12237
1419
74327
86431
87663
56036
12168
56675
43550
29735
24367
35903
28330
26341
10989
84262
12336
67879
61365
87380
77421
79844
6536
46768
31790
2664
45699
71029
11558
47371
71059
64236
6844
39910
34718
23286
5771
26006
50203
82926
26683
70318
413
96205
86296
70250
16038
29185
96063
12954
95082
25087
8466
98937
90295
55414
25388
89780
98670
43170
42640
20158
4930
68023
39356
11729
77883
8541
12681
90965
86369
39834
96214
85867
72077
58840
56944
18127
94629
53796
55024
72772
40528
42648
48651
91485
18424
99872
85228
91958
86212
56865
64164
70202
13266
54951
94716
76938
7052
79028
7737
49975
74863
58884
19609
7916
53231
94881
80463
89769
2639
63688
12202
62998
91840
22257
14946
28199
46892
93168
61291
90828
67332
98287
87500
56817
94912
67206
34807
92400
8598
96577
40831
60167
58670
77698
89744
9032
45574
41817
19602
73399
47657
62170
22486
40039
51080
16096
85412
23010
1823
91738
97544
94110
18820
14242
69236
96334
68053
6375
67964
62257
23228
24662
250
72579
2250
20537
50441
14341
94681
11963
57327
77183
92502
91857
58860
78410
86346
46726
4081
20129
49353
52083
4023
98291
31044
53458
35784
74859
89101
49503
95700
17446
32753
94103
71437
95542
59424
41048
15418
18225
21577
17553
34037
40073
24861
31785
28677
70698
77716
73137
97454
602
96020
21353
55827
91523
65165
28503
6917
99274
63951
50566
24538
48345
61563
64109
58567
66066
64593
79615
37505
84879
43389
61387
6622
44339
31019
18358
42674
52471
54944
77121
95135
56298
68481
1021
26739
69990
40727
92045
96458
96252
82658
12696
5680
78567
25033
70338
39799
18963
25027
498
63378
85681
57291
50300
67130
86276
30136
78755
18657
94886
46666
98469
8994
12207
21443
8853
85425
92560
27800
69793
40285
45165
6144
85398
25835
24771
2248
46665
14644
24933
60800
80242
96992
40938
97837
64423
50651
13940
21349
10393
12133
34647
5129
90603
11908
54042
90777
56343
21410
25967
90843
89679
69386
92884
6383
36210
88745
75449
73303
294
36181
93276
12951
72005
22801
13284
73836
93078
74394
13895
38744
58386
54720
3411
7241
60931
18425
69883
33862
88830
30454
14309
22456
16540
3051
66116
72465
79021
20276
69698
5646
91621
59625
66927
99763
17446
59233
41385
66454
38656
87102
88663
70441
23533
25374
11915
91255
29756
29386
59776
82746
83210
36755
61069
29924
82554
11037
64311
54956
45380
56208
31702
9074
60106
